testcase/data/obs/AMS/AceEnaAMS_G1_20170630_R0.ict
44, 1001
John Shilling
Pacific Northwest National Laboratory (PNNL)
Aerodyne HR-ToF-AMS
ACE-ENA
1, 1
2017, 06, 30, 2018, 01, 03
13
dat_ams, seconds_past_midnight,  UTC date and time
11
1, 1, 1, 1, 1, 1, 1, 1, 1, 1, 1
-9999, -9999, -9999, -9999, -9999, -9999, -9999, -9999, -9999, -9999, -9999
Org, ug/M3, organicmassconcentration
Org_err, ug/M3, organicmassconcentrationerror
NO3, ug/M3, nitratemassconcentration
NO3_err, ug/M3, nitratemassconcentrationerror
SO4, ug/M3, sulfatemassconcentration
SO4_err, ug/M3, sulfatemassconcentrationerror
NH4, ug/M3, ammoniummassconcentration
NH4_err, ug/M3, ammoniummassconcentrationerror
Chl, ug/M3, chloridemassconcentration(NOTEAMSdoesnotmeasuresodiumchloride)
Chl_err, ug/M3, chloridemassconcentrationerror
flag, NA, 0=gooddataisokineticinlet
1
N/A
18
PI_CONTACT_INFO: John Shilling, john.shilling@pnnl.gov, Ph (509) 375-6874
PLATFORM: Platform: DOE Gulfstream-1 Aircraft
LOCATION: Location: Terceira Island, Azores
ASSOCIATED_DATA: N/A
INSTRUMENT_INFO: N/A
DATA_INFO: Units:micrograms per cubic meter of air at 23C, 1 atm pressure
UNCERTAINTY: N/A
ULOD_FLAG: -7777
ULOD_VALUE: N/A
LLOD_FLAG: -8888
LLOD_VALUE: N/A
DM_CONTACT_INFO: Data Manager:John Shilling
PROJECT_INFO: Project Info: ACE-ENA IOP1
STIPULATIONS_ON_USE: Use of these data require prior ok from PI.
OTHER_COMMENTS: N/A
REVISION: 0
R0: final data
dat_ams, Org, Org_err, NO3, NO3_err, SO4, SO4_err, NH4, NH4_err, Chl, Chl_err, flag
[from data line 877]
43824,0.600,0.046,0.183,0.008,0.498,0.014,0.226,0.038,0.019,0.010,1.000
43836,0.506,0.045,0.170,0.008,0.345,0.013,0.191,0.038,0.028,0.009,1.000
43848,0.644,0.046,0.202,0.008,0.463,0.014,0.231,0.038,0.014,0.010,1.000
43860,0.549,0.046,0.186,0.008,0.409,0.013,0.208,0.038,0.013,0.010,1.000
43872,0.517,0.046,0.143,0.008,0.366,0.013,0.100,0.038,-0.002,0.010,1.000
43884,0.130,0.046,0.062,0.007,0.114,0.010,0.088,0.039,0.012,0.009,1.000
43896,-0.012,0.044,0.002,0.006,0.001,0.008,-0.011,0.037,0.002,0.009,1.000
43908,-0.078,0.045,-0.009,0.007,-0.011,0.008,0.031,0.038,-0.001,0.009,1.000
43920,0.031,0.045,0.013,0.006,0.010,0.008,0.001,0.038,0.003,0.009,1.000
43932,-0.026,0.045,0.004,0.006,0.007,0.007,-0.001,0.039,-0.000,0.009,1.000
43944,0.106,0.045,0.035,0.006,0.106,0.009,0.090,0.038,0.009,0.009,1.000
43956,0.093,0.046,0.034,0.007,0.075,0.009,0.131,0.039,0.004,0.009,1.000
43968,0.106,0.045,0.047,0.007,0.106,0.009,0.025,0.038,0.013,0.009,1.000
43980,-0.099,0.044,-0.002,0.006,0.005,0.007,-0.008,0.037,-0.008,0.009,1.000
43992,-0.034,0.045,0.009,0.006,0.025,0.008,-0.025,0.039,0.009,0.009,1.000
44004,-0.111,0.045,0.014,0.006,0.012,0.007,0.072,0.038,0.001,0.009,1.000
44016,0.149,0.045,0.058,0.007,0.140,0.009,0.026,0.038,-0.004,0.009,1.000
44028,-0.056,0.045,-0.007,0.006,0.017,0.008,0.012,0.038,0.001,0.009,1.000
44040,0.003,0.046,0.045,0.007,0.130,0.009,0.023,0.039,0.017,0.009,1.000
44052,0.010,0.045,0.020,0.006,0.018,0.008,0.068,0.038,-0.006,0.009,1.000
44064,0.067,0.045,0.019,0.007,0.036,0.008,0.011,0.039,-0.011,0.009,1.000
44076,-0.025,0.045,0.009,0.006,-0.001,0.007,0.026,0.039,0.006,0.009,1.000
44088,0.176,0.045,0.043,0.007,0.109,0.008,-0.107,0.038,0.012,0.009,1.000
44100,-0.052,0.044,0.015,0.006,-0.005,0.007,0.032,0.037,-0.016,0.009,1.000
44112,-0.086,0.044,0.015,0.006,-0.002,0.007,0.070,0.038,-0.004,0.009,1.000
44124,0.078,0.043,0.016,0.006,0.028,0.007,0.019,0.037,-0.008,0.009,1.000
44136,-0.011,0.045,0.003,0.006,0.015,0.007,-0.008,0.039,-0.010,0.009,1.000
44148,-0.036,0.044,-0.005,0.006,0.002,0.007,0.037,0.038,0.000,0.009,1.000
44160,-0.068,0.044,-0.011,0.006,0.006,0.007,0.029,0.038,-0.011,0.009,1.000
44172,0.228,0.044,0.005,0.006,0.163,0.009,0.020,0.038,0.000,0.009,0.000
44184,0.380,0.046,0.008,0.006,0.192,0.009,0.050,0.039,-0.007,0.009,0.000
44196,0.335,0.046,0.017,0.006,0.208,0.010,0.108,0.039,-0.008,0.009,0.000
44208,0.545,0.046,0.030,0.007,0.221,0.010,0.069,0.039,-0.009,0.010,0.000
44220,0.376,0.046,0.010,0.006,0.196,0.010,0.081,0.038,0.003,0.009,0.000
44232,0.407,0.046,0.013,0.006,0.185,0.010,-0.024,0.039,-0.005,0.009,0.000
44244,0.459,0.045,0.028,0.006,0.212,0.010,0.091,0.038,-0.008,0.009,0.000
44256,0.414,0.044,0.019,0.006,0.218,0.010,0.061,0.037,0.016,0.009,0.000
44268,0.341,0.045,0.008,0.006,0.195,0.010,0.075,0.038,0.004,0.009,0.000
44280,0.499,0.045,0.024,0.006,0.205,0.010,0.022,0.038,0.007,0.009,0.000
44292,0.367,0.046,0.017,0.006,0.184,0.010,0.098,0.039,-0.017,0.009,0.000
44304,0.322,0.046,0.019,0.006,0.205,0.010,0.063,0.038,0.009,0.009,0.000
44316,0.349,0.045,0.008,0.006,0.194,0.010,0.018,0.038,0.005,0.009,0.000
44328,0.390,0.046,0.013,0.006,0.208,0.010,-0.070,0.038,-0.001,0.009,0.000
44340,0.411,0.046,0.014,0.006,0.196,0.010,0.094,0.039,0.001,0.009,0.000
44352,0.357,0.045,0.014,0.006,0.189,0.010,-0.013,0.038,0.005,0.009,0.000
44364,0.281,0.045,0.004,0.006,0.175,0.010,0.113,0.038,0.004,0.009,0.000
44376,0.354,0.044,0.015,0.006,0.202,0.010,0.090,0.037,0.004,0.009,0.000
44388,0.351,0.045,0.014,0.006,0.178,0.010,-0.004,0.038,0.001,0.009,0.000
44400,0.287,0.045,0.011,0.006,0.170,0.010,0.000,0.038,-0.011,0.009,0.000
44412,0.165,0.045,0.005,0.006,0.168,0.010,0.071,0.038,-0.017,0.009,0.000
44424,0.237,0.045,0.014,0.006,0.169,0.010,-0.010,0.038,0.000,0.009,0.000
44436,0.240,0.044,0.012,0.006,0.206,0.010,0.066,0.037,0.010,0.009,0.000
44448,0.182,0.046,0.009,0.006,0.141,0.009,-0.064,0.039,0.007,0.009,0.000
44460,0.313,0.044,0.019,0.006,0.161,0.009,0.026,0.037,0.016,0.009,0.000
44472,0.128,0.046,0.013,0.006,0.174,0.010,0.081,0.039,-0.003,0.009,0.000
44484,0.092,0.045,0.016,0.006,0.167,0.010,0.096,0.038,0.000,0.009,0.000
44496,0.173,0.044,0.005,0.006,0.180,0.010,-0.012,0.037,-0.005,0.009,0.000
44508,0.157,0.045,0.021,0.007,0.170,0.010,0.001,0.039,-0.003,0.009,0.000
44520,0.230,0.045,0.014,0.006,0.145,0.010,0.080,0.038,0.000,0.009,0.000
44532,0.110,0.045,0.008,0.006,0.163,0.010,0.084,0.038,-0.006,0.009,0.000
44544,0.058,0.045,0.013,0.006,0.145,0.009,0.060,0.038,0.005,0.009,0.000
44556,0.099,0.044,0.007,0.006,0.149,0.009,0.080,0.037,0.005,0.009,0.000
44568,0.106,0.045,-0.001,0.006,0.166,0.009,0.100,0.039,0.008,0.009,0.000
44580,0.060,0.045,0.016,0.006,0.148,0.009,0.016,0.038,0.003,0.009,0.000
44592,0.127,0.045,0.001,0.006,0.166,0.010,0.057,0.039,0.005,0.009,0.000
44604,0.100,0.045,0.010,0.006,0.183,0.009,-0.037,0.038,0.020,0.009,0.000
44616,0.094,0.045,0.041,0.007,0.174,0.010,0.055,0.039,-0.008,0.009,0.000
44628,0.114,0.045,0.044,0.007,0.129,0.009,0.037,0.039,0.001,0.009,0.000
44640,0.122,0.045,0.037,0.006,0.129,0.009,0.088,0.038,-0.010,0.009,0.000
44652,0.062,0.046,0.032,0.007,0.166,0.009,-0.003,0.039,0.007,0.009,0.000
44664,0.051,0.046,0.025,0.007,0.142,0.009,0.064,0.039,-0.024,0.009,0.000
44676,0.146,0.045,0.015,0.007,0.141,0.009,-0.026,0.039,0.013,0.009,0.000
44688,0.118,0.044,0.034,0.006,0.176,0.009,0.016,0.037,-0.000,0.009,0.000
44700,0.036,0.045,0.042,0.007,0.122,0.009,0.004,0.039,-0.015,0.009,0.000
44712,0.071,0.044,0.020,0.006,0.098,0.009,-0.019,0.037,0.001,0.009,0.000
44724,0.069,0.045,0.015,0.006,0.117,0.009,0.029,0.038,-0.001,0.009,0.000
44736,-0.023,0.043,0.015,0.006,0.106,0.009,0.023,0.037,-0.002,0.009,0.000
44748,0.059,0.044,0.021,0.007,0.092,0.009,-0.003,0.038,0.002,0.009,0.000
44760,0.001,0.044,0.021,0.006,0.061,0.008,0.016,0.037,0.020,0.008,0.000
44772,0.080,0.044,0.016,0.006,0.103,0.009,0.078,0.038,0.004,0.009,0.000
44784,0.082,0.045,0.030,0.006,0.144,0.009,0.134,0.038,-0.022,0.009,0.000
44796,-0.004,0.044,0.016,0.006,0.092,0.008,0.044,0.038,-0.009,0.009,0.000
44808,0.030,0.044,0.025,0.006,0.079,0.008,-0.036,0.037,-0.005,0.009,0.000
44820,-0.036,0.044,0.013,0.006,0.075,0.008,-0.039,0.038,0.001,0.009,0.000
44832,0.070,0.044,0.014,0.006,0.110,0.008,0.032,0.038,-0.001,0.009,0.000
44844,0.006,0.045,0.006,0.006,0.144,0.009,0.040,0.038,-0.007,0.009,0.000
44856,-0.008,0.044,-0.000,0.006,0.171,0.009,-0.004,0.037,-0.010,0.009,0.000
44868,-0.053,0.045,-0.004,0.006,0.180,0.010,-0.032,0.038,0.012,0.009,0.000
44880,0.107,0.045,0.003,0.006,0.182,0.009,0.043,0.038,-0.000,0.009,0.000
44892,-0.008,0.044,0.008,0.006,0.144,0.009,0.028,0.038,-0.008,0.009,0.000
44904,-0.058,0.043,0.004,0.006,0.158,0.009,0.010,0.037,-0.001,0.009,0.000
44916,0.048,0.044,0.009,0.006,0.161,0.009,0.058,0.038,-0.002,0.009,0.000
44928,0.120,0.043,0.022,0.006,0.147,0.009,0.021,0.037,-0.000,0.009,0.000
44940,0.013,0.045,0.015,0.006,0.053,0.008,0.034,0.039,-0.010,0.009,0.000
44952,0.073,0.044,0.009,0.006,0.165,0.009,0.078,0.037,0.018,0.009,0.000
44964,0.138,0.044,0.004,0.006,0.121,0.009,0.015,0.038,-0.002,0.009,0.000
44976,0.075,0.045,0.003,0.006,0.157,0.009,0.033,0.038,-0.005,0.009,0.000
44988,0.053,0.044,0.012,0.006,0.074,0.008,-0.071,0.038,-0.006,0.009,0.000
45000,0.162,0.044,0.018,0.006,0.119,0.009,0.007,0.038,0.010,0.009,0.000
45012,0.045,0.045,0.025,0.006,0.046,0.008,0.006,0.039,-0.003,0.009,0.000
45024,0.039,0.044,0.010,0.006,0.041,0.008,-0.052,0.038,-0.003,0.009,0.000
45036,0.040,0.044,0.014,0.006,0.069,0.008,0.116,0.038,0.020,0.009,0.000
45048,0.008,0.044,0.015,0.006,0.041,0.008,0.075,0.038,-0.015,0.009,0.000
45060,-0.050,0.043,0.014,0.006,0.042,0.007,0.038,0.037,0.002,0.009,0.000
45072,0.008,0.044,-0.015,0.006,0.014,0.007,-0.010,0.038,0.003,0.009,0.000
45084,-0.093,0.044,0.021,0.006,0.029,0.007,-0.022,0.038,0.008,0.009,0.000
45096,0.050,0.045,0.022,0.007,0.060,0.008,-0.021,0.038,-0.005,0.009,0.000
45108,-0.010,0.044,0.037,0.006,0.157,0.009,-0.017,0.038,-0.004,0.009,0.000
45120,0.135,0.045,0.022,0.006,0.149,0.009,-0.061,0.038,-0.008,0.009,0.000
45132,0.097,0.044,0.006,0.006,0.163,0.009,0.058,0.038,0.007,0.009,0.000
45144,0.071,0.045,-0.008,0.006,0.151,0.009,0.084,0.038,-0.001,0.009,0.000
45156,0.068,0.044,0.001,0.006,0.154,0.009,-0.026,0.038,0.009,0.009,0.000
45168,0.124,0.043,0.045,0.006,0.193,0.010,0.080,0.037,0.006,0.009,0.000
45180,0.163,0.045,-0.000,0.006,0.230,0.010,0.021,0.038,-0.002,0.009,0.000
45192,0.209,0.045,0.015,0.006,0.406,0.011,0.095,0.038,-0.012,0.009,0.000
45204,0.264,0.044,0.012,0.006,0.364,0.012,0.040,0.038,0.008,0.009,0.000
45216,0.216,0.044,0.018,0.006,0.339,0.012,0.073,0.038,0.006,0.009,0.000
45228,0.336,0.044,0.030,0.006,0.400,0.012,0.091,0.037,-0.003,0.009,0.000
45240,0.286,0.044,0.015,0.006,0.387,0.013,0.006,0.037,0.001,0.009,0.000
45252,0.341,0.044,0.014,0.006,0.408,0.012,-0.049,0.038,-0.011,0.009,0.000
45264,0.277,0.045,0.017,0.006,0.383,0.012,0.063,0.038,-0.013,0.009,0.000
45276,0.283,0.045,0.023,0.006,0.376,0.012,0.104,0.038,-0.007,0.009,0.000
45288,0.315,0.045,0.009,0.006,0.375,0.012,0.014,0.038,-0.001,0.009,0.000
45300,0.318,0.045,0.011,0.006,0.408,0.013,0.098,0.038,0.002,0.009,0.000
45312,0.283,0.044,0.018,0.006,0.402,0.012,0.083,0.037,-0.012,0.009,0.000
45324,0.327,0.045,0.020,0.006,0.345,0.012,0.076,0.038,-0.003,0.009,0.000
45336,0.286,0.045,0.017,0.006,0.369,0.012,-0.000,0.038,0.007,0.009,0.000
45348,0.244,0.045,0.002,0.006,0.369,0.012,0.115,0.038,0.011,0.009,0.000
45360,0.331,0.044,0.023,0.006,0.361,0.012,0.060,0.037,-0.005,0.009,0.000
45372,0.248,0.045,0.011,0.006,0.409,0.013,0.139,0.038,0.005,0.009,0.000
45384,0.252,0.045,0.007,0.006,0.394,0.012,-0.011,0.038,-0.008,0.009,0.000
45396,0.329,0.045,0.006,0.006,0.332,0.012,0.015,0.038,-0.017,0.009,0.000
45408,0.245,0.044,0.023,0.006,0.331,0.012,0.103,0.037,0.014,0.009,0.000
45420,0.198,0.046,0.008,0.006,0.362,0.012,0.117,0.039,0.015,0.009,0.000
45432,0.321,0.045,0.015,0.006,0.436,0.012,0.072,0.038,0.001,0.009,0.000
45444,0.251,0.045,0.022,0.006,0.466,0.013,0.089,0.038,-0.007,0.009,0.000
45456,0.301,0.045,0.022,0.006,0.434,0.013,0.091,0.038,0.015,0.009,0.000
45468,0.263,0.046,0.008,0.006,0.352,0.012,0.098,0.039,0.001,0.009,0.000
45480,0.335,0.046,0.010,0.006,0.479,0.013,0.037,0.039,0.010,0.009,0.000
45492,0.287,0.045,0.019,0.006,0.633,0.014,0.056,0.038,0.003,0.009,0.000
45504,0.245,0.046,0.022,0.007,0.440,0.013,0.041,0.039,0.004,0.009,0.000
45516,0.318,0.045,0.088,0.007,0.414,0.013,0.115,0.038,0.014,0.009,0.000
45528,0.277,0.044,0.019,0.006,0.458,0.013,0.107,0.037,0.018,0.009,0.000
45540,0.250,0.045,0.021,0.006,0.225,0.011,0.062,0.039,0.014,0.009,0.000
45552,0.139,0.046,0.002,0.006,0.198,0.011,0.035,0.039,-0.003,0.010,0.000
45564,0.005,0.045,-0.010,0.006,0.169,0.010,0.115,0.038,0.006,0.009,0.000
45576,0.063,0.045,0.005,0.006,0.155,0.010,0.105,0.038,-0.008,0.009,0.000
45588,0.113,0.045,0.011,0.006,0.182,0.010,0.032,0.038,0.008,0.009,0.000
45600,0.129,0.045,0.008,0.006,0.196,0.010,0.075,0.039,0.002,0.009,0.000
45612,0.179,0.044,0.015,0.006,0.161,0.010,-0.041,0.038,0.015,0.009,0.000
45624,0.102,0.044,0.007,0.006,0.176,0.010,0.038,0.038,-0.010,0.009,0.000
45636,0.195,0.044,0.011,0.006,0.216,0.010,0.046,0.037,-0.005,0.009,0.000
45648,0.154,0.046,0.013,0.006,0.207,0.010,0.038,0.039,-0.010,0.009,0.000
45660,0.238,0.044,0.004,0.006,0.261,0.010,0.024,0.037,-0.010,0.009,0.000
45672,0.185,0.045,0.007,0.006,0.266,0.011,0.048,0.038,-0.002,0.009,0.000
45684,0.365,0.045,0.010,0.006,0.272,0.011,0.074,0.038,0.002,0.009,0.000
45696,0.183,0.044,0.020,0.006,0.331,0.011,0.039,0.037,0.006,0.009,0.000
45708,0.260,0.046,0.012,0.006,0.358,0.012,0.123,0.039,-0.001,0.009,0.000
45720,0.258,0.044,0.018,0.006,0.315,0.011,0.057,0.037,-0.007,0.009,0.000
45732,0.330,0.046,0.001,0.006,0.390,0.012,0.117,0.039,0.009,0.009,0.000
45744,0.216,0.045,0.013,0.006,0.306,0.012,0.096,0.038,0.006,0.009,0.000
45756,0.272,0.045,0.018,0.006,0.288,0.011,0.069,0.038,-0.010,0.009,0.000
45768,0.243,0.044,0.013,0.006,0.270,0.011,0.025,0.037,0.005,0.009,0.000
45780,0.340,0.045,0.004,0.006,0.292,0.011,0.002,0.039,0.007,0.009,0.000
45792,0.290,0.046,0.025,0.006,0.331,0.012,0.051,0.038,0.013,0.009,0.000
45804,0.253,0.044,0.017,0.006,0.330,0.012,0.078,0.038,0.010,0.009,0.000
45816,0.215,0.044,0.015,0.006,0.270,0.011,0.116,0.038,-0.001,0.009,0.000
45828,0.257,0.045,0.016,0.006,0.272,0.011,0.027,0.038,-0.010,0.009,0.000
45840,0.350,0.044,0.011,0.006,0.262,0.011,0.025,0.037,0.021,0.009,0.000
45852,0.225,0.046,0.012,0.006,0.211,0.011,0.065,0.039,-0.008,0.009,0.000
45864,0.192,0.046,0.013,0.006,0.260,0.011,0.112,0.039,-0.005,0.009,0.000
45876,0.232,0.045,0.022,0.006,0.221,0.011,0.079,0.038,0.002,0.009,0.000
45888,0.224,0.045,0.036,0.007,0.282,0.011,0.027,0.038,0.003,0.009,0.000
45900,0.305,0.044,0.031,0.006,0.208,0.010,-0.045,0.037,-0.022,0.009,0.000
45912,0.184,0.046,0.011,0.006,0.233,0.011,0.038,0.039,0.011,0.009,0.000
45924,0.216,0.044,0.011,0.006,0.273,0.011,0.015,0.037,0.006,0.009,0.000
45936,0.239,0.045,0.022,0.006,0.212,0.011,0.090,0.038,0.000,0.009,0.000
45948,0.201,0.045,0.011,0.006,0.217,0.010,-0.020,0.038,-0.012,0.009,0.000
45960,0.270,0.045,0.012,0.006,0.205,0.011,0.084,0.038,-0.006,0.009,0.000
45972,0.145,0.044,0.019,0.006,0.231,0.010,0.055,0.037,0.016,0.009,0.000
45984,0.244,0.044,0.016,0.006,0.183,0.010,0.003,0.038,0.014,0.009,0.000
45996,0.223,0.045,0.008,0.006,0.211,0.010,0.084,0.038,0.000,0.009,0.000
46008,0.156,0.045,0.005,0.006,0.185,0.010,0.050,0.038,0.011,0.009,0.000
46020,0.166,0.044,0.007,0.006,0.216,0.010,0.049,0.037,0.012,0.009,0.000
46032,0.150,0.045,0.004,0.006,0.167,0.010,0.062,0.038,-0.001,0.009,0.000
46044,0.244,0.045,0.018,0.006,0.165,0.010,0.058,0.038,-0.003,0.009,0.000
46056,0.137,0.046,0.016,0.006,0.163,0.010,0.061,0.039,0.002,0.010,0.000
46068,0.251,0.046,0.012,0.007,0.174,0.010,-0.001,0.039,0.002,0.009,0.000
46080,0.145,0.046,0.009,0.006,0.221,0.010,0.016,0.039,-0.004,0.009,0.000
46092,0.231,0.043,0.035,0.006,0.308,0.011,0.070,0.037,-0.001,0.009,0.000
46104,0.211,0.044,0.032,0.006,0.440,0.013,0.091,0.037,-0.003,0.009,0.000
46116,0.196,0.044,0.013,0.006,0.543,0.013,0.025,0.037,0.004,0.009,0.000
46128,0.225,0.045,0.031,0.006,0.654,0.014,0.014,0.038,0.001,0.009,0.000
46140,0.300,0.044,0.007,0.006,0.665,0.015,0.076,0.037,-0.006,0.009,0.000
46152,0.304,0.044,0.028,0.006,0.686,0.015,0.079,0.037,0.017,0.009,0.000
46164,0.333,0.044,0.015,0.006,0.678,0.014,0.043,0.037,0.011,0.009,0.000
46176,0.195,0.045,0.021,0.006,0.660,0.015,0.001,0.038,-0.002,0.009,0.000
46188,0.358,0.044,0.018,0.006,0.585,0.015,0.043,0.038,-0.002,0.009,0.000
46200,0.291,0.045,0.010,0.006,0.610,0.015,0.049,0.038,-0.007,0.009,0.000
46212,0.260,0.045,0.020,0.006,0.552,0.014,0.039,0.038,0.008,0.009,0.000
46224,0.194,0.046,0.013,0.006,0.510,0.014,0.020,0.039,0.016,0.009,0.000
46236,0.259,0.045,0.015,0.006,0.481,0.014,0.041,0.038,0.002,0.009,0.000
46248,0.254,0.044,0.017,0.006,0.513,0.014,0.026,0.037,-0.007,0.009,0.000
46260,0.149,0.045,0.006,0.006,0.458,0.014,0.090,0.038,-0.016,0.009,0.000
46272,0.225,0.045,0.030,0.007,0.290,0.012,0.035,0.038,-0.002,0.009,0.000
46284,0.247,0.044,0.013,0.006,0.182,0.011,0.048,0.038,0.015,0.009,0.000
46296,0.159,0.045,0.002,0.006,0.244,0.011,0.042,0.038,0.006,0.009,0.000
46308,0.191,0.045,0.013,0.006,0.243,0.011,0.135,0.038,-0.002,0.009,0.000
46320,0.303,0.044,0.020,0.006,0.296,0.011,0.101,0.037,0.000,0.009,0.000
46332,0.251,0.045,0.018,0.006,0.254,0.011,0.058,0.038,0.003,0.009,0.000
46344,0.277,0.045,0.012,0.006,0.323,0.012,0.088,0.038,0.002,0.009,0.000
46356,0.252,0.045,0.008,0.006,0.315,0.012,0.082,0.038,0.006,0.009,0.000
46368,0.233,0.044,0.012,0.006,0.325,0.012,0.046,0.037,-0.024,0.009,0.000
46380,0.267,0.045,0.016,0.006,0.362,0.012,0.052,0.038,-0.004,0.009,0.000
46392,0.332,0.045,0.025,0.006,0.352,0.012,0.052,0.038,0.010,0.009,0.000
46404,0.322,0.045,0.011,0.006,0.420,0.013,0.114,0.038,0.001,0.009,0.000
46416,0.271,0.046,0.019,0.006,0.410,0.013,0.006,0.039,-0.010,0.009,0.000
46428,0.297,0.045,0.018,0.006,0.424,0.012,0.058,0.038,0.007,0.009,0.000
46440,0.247,0.045,0.019,0.006,0.544,0.014,0.105,0.038,0.009,0.009,0.000
