testcase/data/obs/AMS/AceEnaAMS_G1_20170630_R0.ict
44, 1001
John Shilling
Pacific Northwest National Laboratory (PNNL)
Aerodyne HR-ToF-AMS
ACE-ENA
1, 1
2017, 06, 30, 2018, 01, 03
13
dat_ams, seconds_past_midnight,  UTC date and time
11
1, 1, 1, 1, 1, 1, 1, 1, 1, 1, 1
-9999, -9999, -9999, -9999, -9999, -9999, -9999, -9999, -9999, -9999, -9999
Org, ug/M3, organicmassconcentration
Org_err, ug/M3, organicmassconcentrationerror
NO3, ug/M3, nitratemassconcentration
NO3_err, ug/M3, nitratemassconcentrationerror
SO4, ug/M3, sulfatemassconcentration
SO4_err, ug/M3, sulfatemassconcentrationerror
NH4, ug/M3, ammoniummassconcentration
NH4_err, ug/M3, ammoniummassconcentrationerror
Chl, ug/M3, chloridemassconcentration(NOTEAMSdoesnotmeasuresodiumchloride)
Chl_err, ug/M3, chloridemassconcentrationerror
flag, NA, 0=gooddataisokineticinlet
1
N/A
18
PI_CONTACT_INFO: John Shilling, john.shilling@pnnl.gov, Ph (509) 375-6874
PLATFORM: Platform: DOE Gulfstream-1 Aircraft
LOCATION: Location: Terceira Island, Azores
ASSOCIATED_DATA: N/A
INSTRUMENT_INFO: N/A
DATA_INFO: Units:micrograms per cubic meter of air at 23C, 1 atm pressure
UNCERTAINTY: N/A
ULOD_FLAG: -7777
ULOD_VALUE: N/A
LLOD_FLAG: -8888
LLOD_VALUE: N/A
DM_CONTACT_INFO: Data Manager:John Shilling
PROJECT_INFO: Project Info: ACE-ENA IOP1
STIPULATIONS_ON_USE: Use of these data require prior ok from PI.
OTHER_COMMENTS: N/A
REVISION: 0
R0: final data
dat_ams, Org, Org_err, NO3, NO3_err, SO4, SO4_err, NH4, NH4_err, Chl, Chl_err, flag
[from data line 1097]
46464,0.249,0.045,0.028,0.006,0.579,0.014,0.110,0.038,-0.002,0.009,0.000
46476,0.348,0.045,0.026,0.006,0.559,0.015,0.068,0.039,0.000,0.009,0.000
46488,0.374,0.045,0.062,0.007,0.475,0.014,0.060,0.038,0.009,0.009,0.000
46500,0.279,0.044,0.020,0.006,0.526,0.014,0.116,0.037,0.012,0.009,0.000
46512,0.277,0.045,0.031,0.006,0.501,0.014,0.107,0.038,0.004,0.009,0.000
46524,0.208,0.045,0.016,0.006,0.452,0.014,0.064,0.038,0.010,0.009,0.000
46536,0.282,0.046,0.014,0.006,0.368,0.013,0.071,0.038,-0.006,0.009,0.000
46548,0.263,0.045,0.020,0.006,0.366,0.013,0.086,0.038,0.013,0.009,0.000
46560,0.288,0.046,0.019,0.006,0.422,0.013,0.074,0.038,-0.003,0.009,0.000
46572,0.234,0.045,0.026,0.006,0.384,0.013,0.101,0.038,-0.002,0.009,0.000
46584,0.290,0.045,0.011,0.006,0.349,0.012,0.005,0.038,0.003,0.009,0.000
46596,0.240,0.045,0.013,0.006,0.432,0.013,0.055,0.038,0.012,0.009,0.000
46608,0.255,0.045,0.015,0.006,0.520,0.014,0.090,0.038,0.010,0.009,0.000
46620,0.246,0.043,0.060,0.007,0.540,0.014,0.057,0.036,0.012,0.009,0.000
46632,0.343,0.046,0.026,0.006,0.557,0.015,0.069,0.038,-0.005,0.009,0.000
46644,0.273,0.045,0.016,0.006,0.581,0.014,0.068,0.038,0.009,0.009,0.000
46656,0.309,0.046,0.014,0.006,0.682,0.015,0.100,0.038,0.000,0.009,0.000
46668,0.289,0.044,0.017,0.006,0.689,0.015,0.099,0.037,-0.005,0.009,0.000
46680,0.308,0.045,0.018,0.006,0.667,0.016,0.112,0.038,0.005,0.009,0.000
46692,0.287,0.044,0.025,0.006,0.693,0.015,0.122,0.037,0.010,0.009,0.000
46704,0.283,0.045,0.013,0.006,0.669,0.015,0.115,0.038,-0.000,0.009,0.000
46716,0.363,0.045,0.013,0.006,0.673,0.015,0.138,0.038,-0.014,0.009,0.000
46728,0.352,0.044,0.041,0.007,0.767,0.016,0.136,0.037,-0.012,0.009,0.000
46740,0.339,0.046,0.030,0.006,0.760,0.016,0.139,0.039,-0.010,0.009,0.000
46752,0.314,0.045,0.009,0.006,0.591,0.015,0.086,0.038,0.008,0.009,0.000
46764,0.295,0.046,0.031,0.006,0.623,0.015,0.062,0.038,0.006,0.009,0.000
46776,0.339,0.045,0.032,0.006,0.588,0.015,0.083,0.038,0.010,0.009,0.000
46788,0.322,0.045,0.014,0.006,0.586,0.015,0.123,0.038,0.014,0.009,0.000
46800,0.351,0.046,0.019,0.006,0.500,0.014,0.080,0.038,-0.004,0.009,0.000
46812,0.213,0.044,0.008,0.006,0.357,0.013,0.069,0.037,-0.013,0.009,0.000
46824,0.316,0.046,0.017,0.006,0.436,0.013,0.037,0.039,0.006,0.009,0.000
46836,0.362,0.046,0.016,0.006,0.468,0.014,0.043,0.039,-0.009,0.009,0.000
46848,0.231,0.045,0.009,0.006,0.479,0.014,0.063,0.038,0.001,0.009,0.000
46860,0.349,0.045,0.020,0.006,0.458,0.013,-0.008,0.038,-0.004,0.009,0.000
46872,0.401,0.046,0.013,0.006,0.448,0.014,0.029,0.039,-0.009,0.009,0.000
46884,0.395,0.045,0.018,0.006,0.473,0.014,0.138,0.038,0.010,0.009,0.000
46896,0.287,0.046,0.013,0.006,0.466,0.014,0.059,0.039,0.007,0.009,0.000
46908,0.252,0.045,0.014,0.006,0.395,0.013,0.090,0.038,-0.008,0.009,0.000
46920,0.331,0.045,0.015,0.006,0.452,0.013,0.085,0.038,0.007,0.009,0.000
46932,0.319,0.045,0.013,0.006,0.439,0.014,0.038,0.038,0.003,0.009,0.000
46944,0.355,0.045,0.019,0.006,0.451,0.014,0.133,0.038,-0.013,0.009,0.000
46956,0.387,0.045,0.013,0.006,0.485,0.014,0.117,0.038,0.012,0.009,0.000
46968,0.345,0.045,0.021,0.006,0.477,0.014,0.118,0.038,-0.006,0.009,0.000
46980,0.307,0.046,0.025,0.006,0.481,0.014,0.105,0.038,0.005,0.009,0.000
46992,0.404,0.045,0.022,0.006,0.455,0.014,0.068,0.038,0.018,0.009,0.000
47004,0.356,0.046,0.012,0.006,0.475,0.014,0.126,0.038,0.001,0.009,0.000
47016,0.313,0.045,0.004,0.006,0.432,0.013,0.061,0.038,0.014,0.009,0.000
47028,0.279,0.046,0.015,0.006,0.499,0.014,0.021,0.038,-0.000,0.009,0.000
47040,0.228,0.045,0.023,0.006,0.532,0.014,0.081,0.038,0.000,0.009,0.000
47052,0.327,0.046,0.010,0.006,0.563,0.014,0.067,0.039,-0.006,0.009,0.000
47064,0.304,0.046,0.011,0.006,0.537,0.014,0.100,0.038,0.001,0.009,0.000
47076,0.431,0.046,0.021,0.006,0.551,0.015,0.049,0.039,0.007,0.009,0.000
47088,0.446,0.045,0.024,0.006,0.619,0.014,0.135,0.038,-0.001,0.009,0.000
47100,0.355,0.045,0.007,0.006,0.606,0.015,0.135,0.038,-0.003,0.009,0.000
47112,0.299,0.046,0.010,0.006,0.579,0.015,0.064,0.039,-0.008,0.009,0.000
47124,0.340,0.045,0.006,0.006,0.614,0.015,0.070,0.038,0.003,0.009,0.000
47136,0.387,0.046,0.020,0.006,0.600,0.015,-0.001,0.039,-0.001,0.009,0.000
47148,0.397,0.045,0.027,0.006,0.634,0.016,0.039,0.038,0.004,0.009,0.000
47160,0.473,0.044,0.019,0.006,0.572,0.014,0.048,0.037,-0.003,0.009,0.000
47172,0.373,0.046,-0.002,0.006,0.568,0.015,0.022,0.039,0.001,0.009,0.000
47184,0.311,0.044,0.022,0.006,0.590,0.015,0.091,0.037,-0.008,0.009,0.000
47196,0.346,0.046,0.014,0.006,0.649,0.015,0.005,0.039,0.003,0.009,0.000
47208,0.366,0.045,0.031,0.006,0.564,0.015,0.070,0.038,0.003,0.009,0.000
47220,0.436,0.046,0.015,0.006,0.594,0.015,0.058,0.038,0.008,0.009,0.000
47232,0.341,0.046,0.024,0.006,0.542,0.015,0.111,0.038,0.007,0.009,0.000
47244,0.405,0.046,0.024,0.006,0.593,0.015,0.111,0.039,-0.010,0.009,0.000
47256,0.332,0.046,0.014,0.006,0.595,0.015,0.141,0.039,0.015,0.009,0.000
47268,0.245,0.045,0.009,0.006,0.521,0.014,0.092,0.038,-0.001,0.009,0.000
47280,0.426,0.044,0.024,0.006,0.505,0.014,0.030,0.037,0.002,0.009,0.000
47292,0.395,0.046,0.024,0.006,0.526,0.015,0.087,0.039,0.010,0.009,0.000
47304,0.371,0.046,0.015,0.006,0.563,0.015,0.095,0.039,-0.022,0.010,0.000
47316,0.320,0.046,0.012,0.006,0.532,0.015,0.105,0.038,0.017,0.009,0.000
47328,0.421,0.046,0.013,0.006,0.553,0.015,0.017,0.039,0.001,0.009,0.000
47340,0.298,0.045,0.013,0.006,0.540,0.015,0.083,0.038,0.006,0.009,0.000
47352,0.400,0.046,0.009,0.006,0.539,0.015,0.080,0.039,-0.004,0.009,0.000
47364,0.394,0.045,0.011,0.006,0.575,0.014,0.049,0.038,0.005,0.009,0.000
47376,0.228,0.046,0.020,0.006,0.525,0.014,0.106,0.039,-0.021,0.009,0.000
47388,0.368,0.045,0.022,0.006,0.537,0.015,0.053,0.038,-0.007,0.009,0.000
47400,0.333,0.045,0.012,0.006,0.555,0.014,0.072,0.038,0.015,0.009,0.000
47412,0.376,0.046,0.012,0.006,0.550,0.015,0.102,0.039,0.001,0.009,0.000
47424,0.343,0.046,0.022,0.006,0.537,0.015,-0.044,0.039,-0.001,0.009,0.000
47436,0.331,0.045,0.011,0.006,0.546,0.015,0.103,0.038,-0.011,0.009,0.000
47448,0.275,0.044,0.013,0.006,0.534,0.014,0.124,0.037,-0.008,0.009,0.000
47460,0.330,0.046,0.026,0.006,0.565,0.015,0.046,0.039,0.014,0.009,0.000
47472,0.435,0.046,0.018,0.006,0.532,0.015,0.060,0.039,0.001,0.009,0.000
47484,0.373,0.045,0.027,0.006,0.549,0.015,0.043,0.038,0.012,0.009,0.000
47496,0.315,0.044,0.025,0.006,0.488,0.014,0.069,0.037,0.010,0.009,0.000
47508,0.397,0.046,0.013,0.006,0.523,0.014,0.054,0.039,0.004,0.009,0.000
47520,0.354,0.045,0.008,0.006,0.499,0.014,0.055,0.038,0.012,0.009,0.000
47532,0.265,0.046,0.017,0.006,0.492,0.014,-0.000,0.039,0.004,0.009,0.000
47544,0.295,0.045,0.016,0.006,0.490,0.014,0.081,0.038,-0.007,0.009,0.000
47556,0.341,0.045,0.018,0.006,0.494,0.014,0.104,0.038,-0.002,0.009,0.000
47568,0.282,0.045,0.025,0.006,0.483,0.014,0.117,0.038,-0.003,0.009,0.000
47580,0.243,0.045,0.013,0.006,0.454,0.014,0.065,0.038,-0.005,0.009,0.000
47592,0.268,0.045,0.018,0.006,0.499,0.014,0.108,0.038,0.004,0.009,0.000
47604,0.344,0.045,0.019,0.006,0.490,0.014,0.115,0.038,-0.016,0.009,0.000
47616,0.345,0.044,0.014,0.006,0.481,0.014,0.093,0.037,-0.011,0.009,0.000
47628,0.331,0.045,0.010,0.006,0.497,0.014,0.143,0.038,-0.005,0.009,0.000
47640,0.285,0.045,0.007,0.006,0.492,0.014,0.102,0.038,0.014,0.009,0.000
47652,0.248,0.045,0.021,0.006,0.475,0.014,0.093,0.038,-0.015,0.009,0.000
47664,0.260,0.045,0.009,0.006,0.486,0.014,0.139,0.038,0.004,0.009,0.000
47676,0.294,0.044,0.009,0.006,0.483,0.014,0.056,0.037,0.005,0.009,0.000
47688,0.277,0.046,0.015,0.006,0.417,0.014,0.117,0.039,-0.013,0.009,0.000
47700,0.321,0.046,0.025,0.006,0.432,0.014,0.046,0.039,0.000,0.009,0.000
47712,0.195,0.045,0.027,0.006,0.444,0.014,0.021,0.038,-0.004,0.009,0.000
47724,0.255,0.044,0.018,0.006,0.455,0.013,0.011,0.037,-0.007,0.009,0.000
47736,0.335,0.045,0.004,0.006,0.445,0.014,0.154,0.038,-0.008,0.009,0.000
47748,0.252,0.045,0.021,0.006,0.437,0.014,0.111,0.038,-0.003,0.009,0.000
47760,0.359,0.046,0.018,0.006,0.443,0.014,0.077,0.038,0.021,0.009,0.000
47772,0.305,0.045,0.003,0.006,0.461,0.013,0.106,0.038,0.012,0.009,0.000
47784,0.155,0.046,0.011,0.006,0.361,0.013,0.066,0.038,-0.002,0.009,0.000
47796,0.253,0.045,0.004,0.006,0.382,0.013,0.017,0.038,-0.020,0.009,0.000
47808,0.253,0.046,0.010,0.006,0.407,0.013,0.071,0.039,0.001,0.009,0.000
47820,0.288,0.044,0.001,0.006,0.400,0.013,0.166,0.037,-0.009,0.009,0.000
47832,0.345,0.046,0.010,0.006,0.355,0.013,0.030,0.039,-0.002,0.009,0.000
47844,0.261,0.044,0.013,0.006,0.307,0.012,0.100,0.037,0.006,0.009,0.000
47856,0.256,0.046,0.005,0.006,0.334,0.012,0.076,0.039,0.010,0.009,0.000
47868,0.194,0.044,0.009,0.006,0.308,0.012,0.042,0.037,0.013,0.009,0.000
47880,0.003,0.044,-0.004,0.006,0.004,0.009,0.008,0.038,0.009,0.009,2.000
47892,-0.028,0.044,0.001,0.006,-0.002,0.008,-0.013,0.038,-0.014,0.009,2.000
47904,-0.057,0.044,-0.008,0.006,0.004,0.008,-0.059,0.038,0.006,0.009,2.000
47916,-0.082,0.045,0.012,0.006,0.012,0.008,-0.059,0.039,0.001,0.009,2.000
47928,-0.041,0.044,0.009,0.006,0.010,0.007,-0.035,0.038,0.002,0.009,2.000
47940,-0.042,0.045,-0.003,0.006,-0.000,0.008,0.041,0.039,0.004,0.009,2.000
47952,-0.072,0.045,0.008,0.006,-0.001,0.008,0.040,0.039,0.003,0.009,2.000
47964,-0.018,0.045,0.003,0.006,-0.018,0.008,-0.024,0.039,-0.008,0.009,2.000
47976,-0.087,0.044,-0.011,0.006,0.009,0.007,-0.036,0.038,0.001,0.009,2.000
47988,0.049,0.044,0.003,0.006,0.008,0.007,0.035,0.037,-0.001,0.009,2.000
48000,-0.053,0.045,0.002,0.006,0.008,0.007,-0.007,0.039,-0.008,0.009,2.000
48012,-0.039,0.045,-0.002,0.006,-0.010,0.007,-0.011,0.039,0.013,0.009,2.000
48024,-0.009,0.044,0.005,0.006,-0.008,0.007,0.025,0.037,-0.001,0.009,2.000
48036,-0.009,0.045,0.010,0.006,0.004,0.007,0.010,0.038,0.004,0.009,2.000
48048,-0.014,0.044,0.000,0.006,-0.006,0.007,-0.016,0.037,-0.010,0.009,2.000
48060,-0.101,0.045,-0.004,0.006,0.002,0.007,-0.056,0.039,0.003,0.009,2.000
48072,-0.083,0.045,0.001,0.006,0.024,0.007,-0.062,0.038,-0.013,0.009,2.000
48084,-0.043,0.045,0.004,0.006,0.002,0.007,0.021,0.038,-0.012,0.009,2.000
48096,-0.097,0.045,-0.001,0.006,0.005,0.007,-0.073,0.038,0.008,0.009,2.000
48108,-0.021,0.045,0.005,0.006,-0.001,0.007,0.012,0.038,0.006,0.009,2.000
48120,0.014,0.045,0.004,0.006,0.011,0.007,0.010,0.039,0.002,0.009,2.000
48132,0.025,0.046,0.001,0.006,0.009,0.007,-0.018,0.039,0.010,0.010,2.000
48144,0.017,0.045,0.003,0.006,-0.005,0.007,0.010,0.039,-0.007,0.009,2.000
48156,0.005,0.045,0.004,0.006,-0.005,0.007,0.038,0.038,-0.004,0.009,2.000
48168,-0.050,0.045,0.005,0.006,-0.009,0.007,-0.025,0.038,0.006,0.009,2.000
48180,-0.092,0.045,0.001,0.006,-0.004,0.007,-0.015,0.038,0.003,0.009,2.000
48192,-0.046,0.046,0.003,0.006,0.002,0.007,-0.027,0.039,0.007,0.009,2.000
48204,-0.043,0.045,0.016,0.006,-0.003,0.007,0.010,0.039,-0.005,0.009,2.000
48216,0.015,0.045,0.019,0.006,-0.003,0.007,0.002,0.038,-0.004,0.009,2.000
48228,-0.007,0.046,0.006,0.006,0.001,0.007,-0.067,0.039,-0.006,0.010,2.000
48240,-0.053,0.045,0.007,0.006,0.016,0.007,-0.024,0.038,-0.003,0.009,2.000
48252,0.022,0.045,-0.005,0.006,-0.004,0.007,-0.014,0.039,0.009,0.009,2.000
48264,-0.003,0.046,-0.010,0.006,-0.007,0.007,0.051,0.039,-0.009,0.010,2.000
48276,0.018,0.046,-0.000,0.006,0.004,0.007,-0.008,0.039,-0.014,0.010,2.000
48288,-0.054,0.047,0.003,0.006,0.007,0.007,0.084,0.039,-0.008,0.010,2.000
48300,0.043,0.046,-0.008,0.006,0.001,0.007,0.038,0.039,0.006,0.009,2.000
48312,0.091,0.046,0.004,0.006,0.003,0.007,-0.016,0.039,0.017,0.009,2.000
48324,0.060,0.044,-0.013,0.006,-0.009,0.007,-0.071,0.038,0.011,0.009,2.000
48336,0.078,0.045,0.019,0.006,-0.003,0.007,0.004,0.039,-0.006,0.009,2.000
48348,-0.014,0.045,-0.000,0.006,0.000,0.006,0.032,0.038,-0.005,0.009,2.000
48360,-0.039,0.047,0.007,0.006,0.014,0.007,-0.112,0.040,0.000,0.010,2.000
48372,0.048,0.046,0.007,0.006,-0.004,0.007,-0.040,0.039,-0.003,0.009,2.000
48384,0.038,0.044,0.010,0.006,0.012,0.006,-0.040,0.038,-0.010,0.009,2.000
48396,0.043,0.047,0.003,0.006,0.015,0.007,0.062,0.040,-0.006,0.009,2.000
48408,0.001,0.046,0.004,0.006,-0.007,0.007,-0.062,0.039,0.018,0.009,2.000
48420,0.007,0.046,0.009,0.006,0.003,0.007,0.032,0.039,0.003,0.009,2.000
48432,0.004,0.046,-0.001,0.006,0.001,0.007,0.024,0.039,0.013,0.009,2.000
48444,0.010,0.046,0.014,0.006,0.010,0.007,0.030,0.039,0.015,0.009,2.000
48456,0.041,0.045,0.003,0.006,0.013,0.006,-0.065,0.038,-0.016,0.009,2.000
