testcase/data/obs/AMS/AceEnaAMS_G1_20170630_R0.ict
44, 1001
John Shilling
Pacific Northwest National Laboratory (PNNL)
Aerodyne HR-ToF-AMS
ACE-ENA
1, 1
2017, 06, 30, 2018, 01, 03
13
dat_ams, seconds_past_midnight,  UTC date and time
11
1, 1, 1, 1, 1, 1, 1, 1, 1, 1, 1
-9999, -9999, -9999, -9999, -9999, -9999, -9999, -9999, -9999, -9999, -9999
Org, ug/M3, organicmassconcentration
Org_err, ug/M3, organicmassconcentrationerror
NO3, ug/M3, nitratemassconcentration
NO3_err, ug/M3, nitratemassconcentrationerror
SO4, ug/M3, sulfatemassconcentration
SO4_err, ug/M3, sulfatemassconcentrationerror
NH4, ug/M3, ammoniummassconcentration
NH4_err, ug/M3, ammoniummassconcentrationerror
Chl, ug/M3, chloridemassconcentration(NOTEAMSdoesnotmeasuresodiumchloride)
Chl_err, ug/M3, chloridemassconcentrationerror
flag, NA, 0=gooddataisokineticinlet
1
N/A
18
PI_CONTACT_INFO: John Shilling, john.shilling@pnnl.gov, Ph (509) 375-6874
PLATFORM: Platform: DOE Gulfstream-1 Aircraft
LOCATION: Location: Terceira Island, Azores
ASSOCIATED_DATA: N/A
INSTRUMENT_INFO: N/A
DATA_INFO: Units:micrograms per cubic meter of air at 23C, 1 atm pressure
UNCERTAINTY: N/A
ULOD_FLAG: -7777
ULOD_VALUE: N/A
LLOD_FLAG: -8888
LLOD_VALUE: N/A
DM_CONTACT_INFO: Data Manager:John Shilling
PROJECT_INFO: Project Info: ACE-ENA IOP1
STIPULATIONS_ON_USE: Use of these data require prior ok from PI.
OTHER_COMMENTS: N/A
REVISION: 0
R0: final data
dat_ams, Org, Org_err, NO3, NO3_err, SO4, SO4_err, NH4, NH4_err, Chl, Chl_err, flag
[from data line 658]
41196,0.291,0.046,0.025,0.006,0.627,0.014,0.066,0.039,-0.010,0.009,0.000
41208,0.280,0.047,0.026,0.007,0.542,0.014,-0.009,0.040,0.012,0.009,0.000
41220,0.312,0.045,0.023,0.006,0.579,0.014,0.094,0.038,-0.003,0.009,0.000
41232,0.295,0.047,0.025,0.007,0.593,0.015,0.085,0.040,0.010,0.009,0.000
41244,0.311,0.046,0.019,0.006,0.599,0.014,0.140,0.039,-0.008,0.009,0.000
41256,0.315,0.047,0.016,0.007,0.614,0.015,0.091,0.040,0.009,0.010,0.000
41268,0.257,0.046,0.010,0.007,0.605,0.014,0.124,0.039,0.013,0.009,0.000
41280,0.345,0.046,0.015,0.007,0.623,0.015,0.056,0.039,0.004,0.009,0.000
41292,0.261,0.045,0.020,0.007,0.560,0.014,0.098,0.038,-0.007,0.009,0.000
41304,0.335,0.046,0.013,0.007,0.657,0.016,0.069,0.039,0.009,0.009,0.000
41316,0.368,0.045,0.021,0.006,0.656,0.015,0.109,0.038,0.001,0.009,0.000
41328,0.213,0.046,0.017,0.007,0.624,0.015,0.083,0.039,0.014,0.009,0.000
41340,0.376,0.046,0.006,0.007,0.680,0.015,0.076,0.039,0.001,0.009,0.000
41352,0.356,0.047,0.008,0.007,0.626,0.015,0.097,0.040,0.000,0.010,0.000
41364,0.292,0.046,0.028,0.006,0.678,0.015,0.092,0.039,-0.006,0.009,0.000
41376,0.199,0.047,-0.009,0.007,0.489,0.014,0.125,0.040,-0.003,0.009,0.000
41388,0.203,0.045,0.020,0.006,0.381,0.013,0.072,0.038,-0.018,0.009,0.000
41400,0.235,0.046,0.015,0.007,0.325,0.013,-0.007,0.039,-0.005,0.009,0.000
41412,0.269,0.046,0.018,0.006,0.261,0.012,0.043,0.039,-0.007,0.009,0.000
41424,0.262,0.047,0.010,0.007,0.320,0.012,0.053,0.039,0.003,0.009,0.000
41436,0.143,0.045,0.008,0.006,0.309,0.012,0.120,0.038,-0.002,0.009,0.000
41448,0.233,0.046,0.030,0.007,0.355,0.013,0.080,0.039,-0.006,0.009,0.000
41460,0.332,0.046,0.014,0.007,0.335,0.012,0.037,0.039,0.011,0.009,0.000
41472,0.283,0.047,0.027,0.007,0.318,0.012,0.065,0.040,-0.011,0.009,0.000
41484,0.249,0.046,0.007,0.007,0.416,0.013,0.113,0.039,-0.005,0.009,0.000
41496,0.331,0.047,0.022,0.007,0.597,0.014,0.015,0.039,0.003,0.009,0.000
41508,0.322,0.045,0.010,0.007,0.519,0.014,0.087,0.038,-0.001,0.009,0.000
41520,0.315,0.046,0.018,0.007,0.658,0.015,0.131,0.039,0.004,0.009,0.000
41532,0.259,0.046,0.022,0.007,0.749,0.015,0.153,0.039,0.000,0.009,0.000
41544,0.300,0.046,0.014,0.007,0.666,0.016,0.122,0.039,0.002,0.009,0.000
41556,0.426,0.045,0.007,0.006,0.679,0.015,0.059,0.038,-0.013,0.009,0.000
41568,0.351,0.046,0.022,0.007,0.712,0.016,0.116,0.039,-0.004,0.009,0.000
41580,0.371,0.046,0.018,0.007,0.746,0.016,0.167,0.039,0.005,0.009,0.000
41592,0.341,0.046,0.014,0.007,0.747,0.017,0.158,0.039,0.001,0.009,0.000
41604,0.343,0.045,0.017,0.006,0.841,0.017,0.134,0.038,-0.023,0.009,0.000
41616,0.283,0.046,0.020,0.007,0.716,0.016,0.107,0.039,0.011,0.009,0.000
41628,0.298,0.046,0.035,0.007,0.734,0.016,0.102,0.039,-0.003,0.009,0.000
41640,0.231,0.046,0.016,0.007,0.536,0.015,0.051,0.039,-0.014,0.009,0.000
41652,0.322,0.045,0.006,0.006,0.640,0.015,0.060,0.038,-0.008,0.009,0.000
41664,0.264,0.046,0.008,0.007,0.443,0.014,0.003,0.039,0.005,0.009,0.000
41676,0.253,0.045,0.025,0.006,0.403,0.013,0.033,0.038,0.000,0.009,0.000
41688,0.389,0.047,0.017,0.007,0.422,0.014,0.046,0.040,-0.001,0.009,0.000
41700,0.325,0.046,0.023,0.007,0.434,0.013,0.048,0.039,0.008,0.009,0.000
41712,0.357,0.046,0.013,0.007,0.490,0.014,0.110,0.039,0.009,0.009,0.000
41724,0.316,0.045,0.022,0.006,0.553,0.014,0.115,0.038,0.010,0.009,0.000
41736,0.365,0.047,0.012,0.007,0.549,0.015,0.070,0.040,-0.013,0.009,0.000
41748,0.395,0.046,0.018,0.007,0.535,0.014,0.120,0.039,-0.018,0.009,0.000
41760,0.398,0.047,0.025,0.007,0.522,0.014,-0.003,0.040,0.015,0.009,0.000
41772,0.323,0.045,0.014,0.006,0.432,0.014,0.097,0.038,0.009,0.009,0.000
41784,0.242,0.046,0.010,0.007,0.438,0.014,0.081,0.039,0.008,0.009,0.000
41796,0.286,0.047,0.017,0.007,0.456,0.013,0.054,0.039,-0.012,0.009,0.000
41808,0.427,0.046,0.020,0.007,0.510,0.014,0.012,0.039,-0.004,0.009,0.000
41820,0.300,0.046,0.018,0.006,0.420,0.013,0.091,0.039,-0.002,0.009,0.000
41832,0.291,0.046,0.012,0.007,0.410,0.014,0.138,0.039,0.015,0.009,0.000
41844,0.241,0.046,0.014,0.006,0.226,0.012,0.024,0.039,0.011,0.009,0.000
41856,0.177,0.047,-0.004,0.007,0.197,0.011,0.101,0.040,0.022,0.009,0.000
41868,-0.053,0.047,0.008,0.007,0.184,0.011,0.048,0.040,-0.013,0.010,0.000
41880,-0.053,0.046,0.008,0.007,0.163,0.011,0.044,0.039,-0.002,0.010,0.000
41892,0.117,0.046,0.008,0.007,0.180,0.011,0.063,0.039,-0.018,0.010,0.000
41904,0.101,0.046,0.006,0.006,0.155,0.010,0.128,0.039,0.001,0.009,0.000
41916,-0.003,0.046,0.012,0.007,0.177,0.010,0.031,0.039,-0.006,0.009,0.000
41928,0.130,0.047,0.078,0.007,0.147,0.010,0.099,0.040,0.033,0.009,0.000
41940,0.098,0.045,0.050,0.007,0.111,0.010,0.095,0.038,-0.005,0.010,0.000
41952,0.024,0.046,0.031,0.007,0.123,0.010,0.063,0.039,0.003,0.009,0.000
41964,-0.054,0.046,0.012,0.007,0.111,0.010,-0.031,0.039,-0.002,0.010,0.000
41976,0.067,0.046,0.036,0.007,0.156,0.010,0.041,0.039,-0.006,0.009,0.000
41988,0.131,0.045,0.040,0.007,0.177,0.010,-0.018,0.038,0.010,0.009,0.000
42000,0.026,0.047,0.027,0.007,0.175,0.010,0.028,0.039,0.001,0.010,0.000
42012,0.092,0.044,0.004,0.006,0.083,0.009,-0.060,0.038,0.015,0.009,0.000
42024,-0.071,0.046,-0.000,0.006,-0.012,0.008,-0.024,0.039,-0.009,0.010,2.000
42036,-0.098,0.046,0.008,0.006,0.004,0.008,0.049,0.039,0.001,0.009,2.000
42048,-0.055,0.045,-0.009,0.006,0.001,0.008,-0.026,0.039,-0.003,0.009,2.000
42060,-0.007,0.045,-0.004,0.006,-0.012,0.007,-0.082,0.038,-0.010,0.009,2.000
42072,-0.081,0.045,0.007,0.006,0.011,0.008,0.085,0.039,0.018,0.009,2.000
42084,-0.134,0.046,-0.003,0.006,-0.005,0.007,-0.008,0.039,-0.010,0.009,2.000
42096,-0.208,0.046,0.001,0.007,0.005,0.007,0.037,0.040,-0.014,0.010,2.000
42108,-0.065,0.045,0.002,0.006,0.006,0.007,0.014,0.038,0.005,0.009,2.000
42120,-0.114,0.045,-0.009,0.006,-0.011,0.007,-0.004,0.039,-0.010,0.009,2.000
42132,-0.035,0.046,-0.008,0.006,0.008,0.007,-0.001,0.039,0.008,0.009,2.000
42144,-0.014,0.043,0.015,0.006,-0.003,0.007,0.084,0.037,-0.008,0.009,2.000
42156,-0.008,0.046,-0.002,0.006,-0.010,0.007,0.001,0.039,-0.005,0.009,2.000
42168,-0.067,0.045,0.004,0.006,-0.008,0.007,0.001,0.039,0.002,0.009,2.000
42180,0.025,0.045,0.006,0.006,0.001,0.007,-0.034,0.039,-0.002,0.009,2.000
42192,-0.062,0.046,0.003,0.006,-0.005,0.007,-0.041,0.040,-0.001,0.009,2.000
42204,-0.078,0.045,-0.002,0.006,0.001,0.007,-0.031,0.039,-0.011,0.009,2.000
42216,-0.028,0.045,-0.000,0.006,-0.007,0.007,-0.008,0.039,-0.004,0.009,2.000
42228,-0.039,0.045,-0.013,0.006,-0.012,0.007,-0.067,0.039,-0.012,0.009,2.000
42240,-0.117,0.044,-0.002,0.006,0.004,0.007,0.024,0.038,-0.003,0.009,2.000
42252,-0.095,0.045,-0.003,0.006,0.001,0.007,-0.042,0.039,-0.014,0.009,2.000
42264,-0.103,0.046,0.005,0.006,0.003,0.007,0.031,0.039,-0.008,0.009,2.000
42276,-0.051,0.045,-0.010,0.006,-0.006,0.007,-0.057,0.039,0.008,0.009,2.000
42288,-0.063,0.044,-0.002,0.006,0.006,0.007,-0.033,0.038,0.007,0.009,2.000
42300,-0.067,0.046,0.006,0.006,-0.011,0.007,-0.071,0.040,-0.007,0.009,2.000
42312,-0.114,0.044,-0.008,0.006,-0.003,0.007,0.037,0.038,-0.011,0.009,2.000
42324,-0.227,0.046,-0.014,0.006,-0.004,0.007,-0.022,0.039,-0.003,0.009,2.000
42336,-0.134,0.045,0.012,0.006,0.006,0.007,-0.013,0.039,-0.001,0.009,2.000
42348,0.045,0.046,0.008,0.007,-0.015,0.007,-0.055,0.039,-0.002,0.009,2.000
42360,-0.034,0.045,-0.004,0.006,-0.000,0.007,-0.009,0.039,-0.003,0.009,2.000
42372,0.024,0.045,0.001,0.006,0.018,0.007,-0.021,0.039,-0.011,0.009,2.000
42384,-0.127,0.045,-0.005,0.006,0.010,0.007,-0.017,0.039,0.009,0.009,2.000
42396,-0.104,0.046,0.004,0.007,0.003,0.007,0.052,0.039,0.009,0.009,2.000
42408,-0.038,0.045,0.003,0.006,-0.004,0.007,0.024,0.039,-0.008,0.009,2.000
42420,-0.032,0.046,-0.007,0.007,-0.004,0.007,-0.014,0.039,-0.006,0.009,2.000
42432,-0.035,0.044,0.000,0.006,0.006,0.007,-0.024,0.038,-0.011,0.009,2.000
42444,0.044,0.046,0.006,0.006,0.002,0.007,-0.068,0.039,-0.011,0.009,2.000
42456,0.028,0.045,0.002,0.006,0.014,0.007,0.001,0.039,-0.005,0.009,2.000
42468,-0.052,0.046,0.018,0.006,-0.001,0.007,-0.018,0.039,0.007,0.009,2.000
42480,0.010,0.044,-0.004,0.006,0.007,0.007,-0.093,0.038,-0.005,0.009,2.000
42492,-0.101,0.046,0.007,0.006,0.003,0.007,-0.054,0.039,-0.006,0.009,2.000
42504,-0.018,0.045,-0.003,0.006,-0.001,0.007,-0.007,0.039,-0.000,0.009,2.000
42516,-0.024,0.046,-0.009,0.007,-0.001,0.007,-0.067,0.039,0.006,0.009,2.000
42528,-0.064,0.045,-0.010,0.006,-0.001,0.007,-0.058,0.039,0.008,0.009,2.000
42540,-0.125,0.045,0.013,0.006,0.006,0.007,-0.012,0.039,0.009,0.009,2.000
42552,-0.013,0.044,0.004,0.006,-0.002,0.007,0.025,0.038,0.000,0.009,2.000
42564,-0.029,0.045,0.005,0.006,0.004,0.007,0.022,0.039,0.002,0.009,2.000
42576,0.078,0.045,0.012,0.006,0.206,0.009,0.114,0.038,-0.001,0.009,0.000
42588,0.109,0.045,0.008,0.006,0.178,0.010,0.040,0.039,0.016,0.009,0.000
42600,0.153,0.046,0.018,0.007,0.169,0.009,0.087,0.039,0.007,0.009,0.000
42612,0.185,0.047,0.008,0.007,0.148,0.010,0.080,0.040,-0.014,0.010,0.000
42624,0.313,0.046,0.015,0.006,0.187,0.010,0.067,0.039,-0.005,0.009,0.000
42636,0.373,0.046,0.005,0.007,0.188,0.010,0.086,0.039,-0.007,0.009,0.000
42648,0.321,0.046,0.012,0.006,0.195,0.010,0.094,0.038,0.006,0.009,0.000
42660,0.376,0.046,0.020,0.006,0.198,0.010,0.055,0.039,0.013,0.009,0.000
42672,0.336,0.046,0.010,0.006,0.184,0.009,0.053,0.039,0.007,0.009,0.000
42684,0.171,0.045,0.007,0.006,0.176,0.010,0.055,0.038,-0.019,0.009,0.000
42696,0.243,0.045,0.013,0.006,0.184,0.010,0.094,0.038,-0.004,0.009,0.000
42708,0.184,0.045,0.002,0.006,0.177,0.010,0.025,0.038,0.001,0.009,0.000
42720,0.085,0.046,0.050,0.007,0.138,0.009,0.046,0.039,0.009,0.009,0.000
42732,0.150,0.045,0.024,0.007,0.135,0.009,-0.002,0.038,0.002,0.009,0.000
42744,0.148,0.044,0.018,0.006,0.164,0.009,0.045,0.038,-0.009,0.009,0.000
42756,0.166,0.045,0.027,0.007,0.153,0.010,0.025,0.038,0.002,0.009,0.000
42768,0.097,0.045,0.030,0.006,0.112,0.009,0.023,0.039,0.008,0.009,0.000
42780,0.011,0.046,0.005,0.007,0.119,0.009,0.064,0.039,-0.005,0.009,0.000
42792,0.139,0.045,0.018,0.006,0.143,0.009,-0.005,0.039,0.017,0.009,0.000
42804,0.061,0.045,0.015,0.007,0.145,0.009,0.066,0.039,0.002,0.009,0.000
42816,0.065,0.044,0.015,0.006,0.114,0.009,0.060,0.038,-0.000,0.009,0.000
42828,0.141,0.046,0.029,0.007,0.111,0.009,-0.007,0.039,-0.015,0.009,0.000
42840,0.118,0.045,0.022,0.006,0.113,0.009,0.019,0.039,-0.007,0.009,0.000
42852,0.082,0.045,0.011,0.006,0.120,0.009,-0.008,0.038,0.023,0.009,0.000
42864,0.037,0.044,0.015,0.006,0.113,0.009,-0.013,0.038,0.011,0.009,0.000
42876,0.083,0.045,0.038,0.006,0.151,0.009,0.008,0.039,0.004,0.009,0.000
42888,0.049,0.045,0.034,0.007,0.089,0.009,0.035,0.039,0.003,0.009,0.000
42900,0.120,0.045,0.008,0.006,0.142,0.009,0.083,0.039,-0.001,0.009,0.000
42912,0.027,0.044,0.023,0.007,0.107,0.009,0.006,0.038,-0.020,0.009,0.000
42924,0.173,0.045,0.033,0.006,0.141,0.009,-0.001,0.038,-0.016,0.009,0.000
42936,0.087,0.044,0.024,0.006,0.096,0.008,0.078,0.038,0.000,0.009,0.000
42948,0.148,0.045,0.034,0.007,0.147,0.009,0.057,0.038,-0.013,0.009,0.000
42960,0.105,0.045,0.031,0.006,0.100,0.009,0.065,0.039,0.002,0.009,0.000
42972,0.099,0.045,0.029,0.006,0.100,0.009,0.035,0.038,0.002,0.009,0.000
42984,0.137,0.046,0.020,0.007,0.167,0.009,0.050,0.039,-0.000,0.009,0.000
42996,0.109,0.044,0.025,0.006,0.167,0.009,0.049,0.038,-0.001,0.009,0.000
43008,0.102,0.046,0.017,0.007,0.152,0.009,-0.001,0.039,-0.001,0.009,0.000
43020,0.127,0.045,0.035,0.006,0.144,0.009,0.088,0.039,0.010,0.009,0.000
43032,0.030,0.045,0.035,0.007,0.092,0.009,-0.027,0.039,0.011,0.009,0.000
43044,0.054,0.044,0.050,0.006,0.144,0.009,0.054,0.038,0.001,0.009,0.000
43056,0.008,0.046,0.033,0.007,0.130,0.009,0.023,0.039,-0.006,0.009,0.000
43068,0.215,0.045,0.049,0.007,0.141,0.009,-0.018,0.039,0.009,0.009,0.000
43080,0.052,0.045,0.034,0.007,0.109,0.009,0.087,0.038,0.001,0.009,0.000
43092,0.113,0.044,0.046,0.007,0.118,0.009,0.088,0.038,-0.000,0.009,0.000
43104,0.011,0.046,0.026,0.007,0.123,0.009,0.002,0.039,0.003,0.009,0.000
43116,-0.027,0.044,0.017,0.007,0.116,0.009,0.059,0.038,0.011,0.009,0.000
43128,0.013,0.045,0.024,0.006,0.104,0.009,0.016,0.038,0.011,0.009,0.000
43140,0.015,0.044,0.023,0.006,0.116,0.008,-0.015,0.038,0.009,0.009,0.000
43152,0.122,0.046,0.030,0.007,0.128,0.009,-0.019,0.039,-0.008,0.009,0.000
43164,0.012,0.045,0.032,0.007,0.135,0.009,-0.039,0.039,0.000,0.009,0.000
43176,-0.004,0.045,0.038,0.006,0.103,0.009,0.015,0.038,-0.010,0.009,0.000
43188,0.122,0.045,0.025,0.006,0.136,0.009,-0.024,0.039,-0.002,0.009,0.000
43200,0.012,0.045,0.009,0.006,0.115,0.009,0.004,0.038,0.013,0.009,0.000
43212,-0.015,0.045,0.028,0.006,0.118,0.009,0.094,0.039,0.007,0.009,0.000
43224,0.041,0.045,0.008,0.006,0.130,0.009,0.002,0.038,0.001,0.009,0.000
43236,0.089,0.044,0.018,0.006,0.141,0.009,0.056,0.038,0.013,0.009,0.000
43248,0.073,0.046,0.016,0.007,0.173,0.009,0.033,0.039,0.004,0.009,0.000
43260,0.044,0.045,0.020,0.006,0.134,0.009,0.012,0.039,0.002,0.009,0.000
43272,0.036,0.045,0.024,0.007,0.131,0.009,0.027,0.038,-0.000,0.009,0.000
43284,0.017,0.044,0.021,0.006,0.146,0.009,0.039,0.038,0.009,0.009,0.000
43296,0.049,0.045,0.018,0.007,0.125,0.009,-0.001,0.038,0.009,0.009,0.000
43308,0.100,0.045,0.036,0.006,0.134,0.009,-0.045,0.039,-0.011,0.009,0.000
43320,0.086,0.045,0.017,0.006,0.100,0.009,0.018,0.038,-0.011,0.009,0.000
43332,-0.012,0.044,0.029,0.006,0.120,0.009,0.066,0.038,-0.019,0.009,0.000
43344,0.163,0.045,0.026,0.007,0.182,0.009,0.095,0.038,-0.000,0.009,0.000
43356,0.008,0.045,0.021,0.006,0.126,0.009,0.012,0.039,-0.010,0.009,0.000
43368,0.048,0.046,0.009,0.007,0.099,0.009,0.001,0.039,-0.003,0.009,0.000
43380,0.135,0.045,0.035,0.007,0.151,0.009,0.086,0.039,0.007,0.009,0.000
43392,0.024,0.045,0.017,0.007,0.130,0.009,0.088,0.038,-0.009,0.009,0.000
43404,0.043,0.044,0.025,0.006,0.114,0.009,0.063,0.038,-0.004,0.009,0.000
43416,0.068,0.045,0.038,0.007,0.104,0.009,0.026,0.038,-0.008,0.009,0.000
43428,0.101,0.045,0.012,0.007,0.115,0.009,0.075,0.039,-0.001,0.009,0.000
43440,0.137,0.045,0.040,0.007,0.098,0.009,0.069,0.038,-0.003,0.009,0.000
43452,-0.024,0.044,0.021,0.006,0.087,0.008,0.006,0.038,0.002,0.009,0.000
43464,0.043,0.045,0.025,0.007,0.108,0.008,0.015,0.038,-0.006,0.009,0.000
43476,-0.034,0.045,0.029,0.007,0.095,0.008,0.039,0.039,0.013,0.009,0.000
43488,0.024,0.045,0.018,0.007,0.126,0.009,-0.027,0.038,-0.012,0.009,0.000
43500,0.105,0.044,0.050,0.006,0.138,0.009,0.019,0.038,0.007,0.009,0.000
43512,0.058,0.045,0.040,0.007,0.099,0.009,0.060,0.038,0.004,0.009,0.000
43524,0.049,0.045,0.023,0.006,0.116,0.008,0.048,0.039,-0.009,0.009,0.000
43536,0.013,0.045,0.041,0.006,0.119,0.009,0.040,0.038,-0.005,0.009,0.000
43548,-0.079,0.045,0.009,0.006,0.043,0.008,-0.058,0.038,-0.006,0.009,1.000
43560,-0.007,0.044,0.019,0.007,0.041,0.008,0.098,0.038,-0.009,0.009,1.000
43572,0.141,0.046,0.115,0.007,0.216,0.009,0.106,0.039,-0.002,0.010,1.000
43584,0.579,0.046,0.150,0.008,0.509,0.013,0.137,0.039,0.018,0.009,1.000
43596,0.595,0.046,0.156,0.008,0.510,0.013,0.234,0.039,0.012,0.009,1.000
43608,0.358,0.045,0.126,0.008,0.384,0.012,0.121,0.038,0.001,0.009,1.000
43620,0.530,0.045,0.164,0.008,0.473,0.013,0.139,0.038,0.021,0.009,1.000
43632,0.557,0.046,0.152,0.008,0.381,0.012,0.266,0.039,-0.005,0.009,1.000
43644,0.518,0.046,0.134,0.008,0.435,0.013,0.097,0.039,-0.001,0.009,1.000
43656,0.654,0.046,0.154,0.008,0.466,0.013,0.125,0.038,0.022,0.009,1.000
43668,0.581,0.045,0.149,0.008,0.385,0.012,0.219,0.038,-0.001,0.009,1.000
43680,0.498,0.046,0.150,0.008,0.453,0.013,0.213,0.038,0.008,0.009,1.000
43692,0.553,0.046,0.175,0.008,0.412,0.013,0.205,0.038,0.005,0.009,1.000
43704,0.436,0.046,0.132,0.008,0.388,0.013,0.159,0.038,0.017,0.009,1.000
43716,0.532,0.045,0.142,0.007,0.443,0.013,0.200,0.038,0.003,0.009,1.000
43728,0.533,0.046,0.112,0.008,0.450,0.013,0.116,0.039,0.010,0.009,1.000
43740,0.524,0.045,0.145,0.008,0.458,0.013,0.191,0.038,0.003,0.009,1.000
43752,0.731,0.046,0.288,0.009,0.348,0.013,0.158,0.038,0.034,0.009,1.000
43764,0.747,0.046,0.302,0.009,0.361,0.012,0.201,0.039,0.057,0.010,1.000
43776,0.589,0.046,0.173,0.008,0.418,0.013,0.187,0.038,0.024,0.009,1.000
43788,0.690,0.045,0.236,0.008,0.334,0.012,0.178,0.038,0.024,0.010,1.000
43800,0.454,0.046,0.165,0.008,0.408,0.013,0.172,0.038,0.034,0.010,1.000
