testcase/data/obs/AMS/AceEnaAMS_G1_20170630_R0.ict
44, 1001
John Shilling
Pacific Northwest National Laboratory (PNNL)
Aerodyne HR-ToF-AMS
ACE-ENA
1, 1
2017, 06, 30, 2018, 01, 03
13
dat_ams, seconds_past_midnight,  UTC date and time
11
1, 1, 1, 1, 1, 1, 1, 1, 1, 1, 1
-9999, -9999, -9999, -9999, -9999, -9999, -9999, -9999, -9999, -9999, -9999
Org, ug/M3, organicmassconcentration
Org_err, ug/M3, organicmassconcentrationerror
NO3, ug/M3, nitratemassconcentration
NO3_err, ug/M3, nitratemassconcentrationerror
SO4, ug/M3, sulfatemassconcentration
SO4_err, ug/M3, sulfatemassconcentrationerror
NH4, ug/M3, ammoniummassconcentration
NH4_err, ug/M3, ammoniummassconcentrationerror
Chl, ug/M3, chloridemassconcentration(NOTEAMSdoesnotmeasuresodiumchloride)
Chl_err, ug/M3, chloridemassconcentrationerror
flag, NA, 0=gooddataisokineticinlet
1
N/A
18
PI_CONTACT_INFO: John Shilling, john.shilling@pnnl.gov, Ph (509) 375-6874
PLATFORM: Platform: DOE Gulfstream-1 Aircraft
LOCATION: Location: Terceira Island, Azores
ASSOCIATED_DATA: N/A
INSTRUMENT_INFO: N/A
DATA_INFO: Units:micrograms per cubic meter of air at 23C, 1 atm pressure
UNCERTAINTY: N/A
ULOD_FLAG: -7777
ULOD_VALUE: N/A
LLOD_FLAG: -8888
LLOD_VALUE: N/A
DM_CONTACT_INFO: Data Manager:John Shilling
PROJECT_INFO: Project Info: ACE-ENA IOP1
STIPULATIONS_ON_USE: Use of these data require prior ok from PI.
OTHER_COMMENTS: N/A
REVISION: 0
R0: final data
dat_ams, Org, Org_err, NO3, NO3_err, SO4, SO4_err, NH4, NH4_err, Chl, Chl_err, flag
33264,-0.001,0.052,0.020,0.008,-0.004,0.008,0.005,0.045,0.009,0.009,2.000
33300,0.011,0.052,-0.003,0.008,-0.006,0.008,-0.046,0.045,-0.009,0.009,2.000
33312,-0.050,0.049,0.002,0.008,0.007,0.008,-0.039,0.042,0.006,0.008,2.000
33324,-0.076,0.049,0.003,0.008,0.014,0.008,0.022,0.042,-0.002,0.008,2.000
33336,-0.060,0.049,0.003,0.008,0.008,0.008,-0.132,0.043,-0.004,0.008,2.000
33348,-0.021,0.049,0.019,0.008,0.005,0.008,0.058,0.042,-0.006,0.008,2.000
33360,-0.114,0.048,0.012,0.007,-0.006,0.008,0.028,0.041,-0.021,0.008,2.000
33372,-0.046,0.048,-0.002,0.007,0.001,0.008,0.025,0.041,0.003,0.008,2.000
33384,0.001,0.049,0.009,0.008,0.009,0.008,0.039,0.042,0.005,0.008,2.000
33396,-0.089,0.048,-0.004,0.007,0.005,0.008,-0.066,0.042,-0.006,0.008,2.000
33408,0.030,0.048,0.014,0.007,-0.001,0.008,0.004,0.041,0.001,0.008,2.000
33420,0.057,0.048,0.006,0.007,0.004,0.008,-0.001,0.041,-0.005,0.008,2.000
33432,-0.037,0.048,0.018,0.007,0.006,0.007,-0.087,0.041,0.006,0.008,2.000
33444,0.002,0.049,-0.012,0.008,0.002,0.008,0.016,0.042,-0.009,0.008,2.000
33469,-0.077,0.055,0.011,0.009,-0.012,0.009,0.066,0.048,-0.004,0.009,2.000
33480,-0.009,0.050,0.011,0.008,0.000,0.008,0.032,0.043,-0.003,0.008,2.000
33492,-0.074,0.049,0.003,0.008,-0.003,0.007,0.032,0.042,0.009,0.008,2.000
33504,0.141,0.048,-0.009,0.007,-0.006,0.007,-0.020,0.041,0.003,0.008,2.000
33516,-0.050,0.049,0.013,0.008,-0.000,0.008,0.009,0.042,-0.007,0.008,2.000
33528,0.031,0.048,-0.004,0.007,-0.004,0.007,-0.044,0.041,-0.007,0.008,2.000
33540,0.081,0.049,-0.008,0.007,0.005,0.008,0.017,0.042,-0.007,0.008,2.000
33552,0.028,0.049,0.003,0.008,0.009,0.007,-0.077,0.042,-0.007,0.008,2.000
33564,-0.104,0.050,0.005,0.008,0.000,0.008,-0.054,0.043,-0.002,0.008,2.000
33576,-0.042,0.047,-0.008,0.007,0.003,0.007,-0.064,0.041,-0.014,0.008,2.000
33588,0.020,0.049,0.001,0.008,-0.010,0.008,-0.047,0.042,0.002,0.008,2.000
33600,-0.013,0.050,-0.000,0.008,-0.004,0.008,-0.049,0.043,0.002,0.008,2.000
33612,-0.113,0.048,0.004,0.007,-0.011,0.007,0.104,0.042,0.004,0.008,2.000
33624,-0.064,0.048,-0.013,0.007,0.003,0.008,0.011,0.042,0.017,0.008,2.000
33636,-0.074,0.049,0.012,0.007,0.001,0.008,-0.117,0.043,0.004,0.008,2.000
33648,-0.055,0.048,-0.007,0.007,0.010,0.007,-0.038,0.042,0.001,0.008,2.000
33660,-0.077,0.047,-0.003,0.007,-0.003,0.007,0.014,0.041,0.002,0.008,2.000
33672,-0.004,0.049,0.004,0.007,0.007,0.008,-0.012,0.042,-0.012,0.008,2.000
33684,0.079,0.050,-0.000,0.008,-0.004,0.008,-0.040,0.043,-0.008,0.008,2.000
33696,-0.099,0.047,0.012,0.007,-0.004,0.007,-0.042,0.041,0.010,0.008,2.000
33708,-0.048,0.050,0.009,0.008,-0.003,0.008,-0.020,0.043,0.006,0.008,2.000
33720,0.057,0.048,-0.009,0.007,0.004,0.007,0.037,0.042,0.005,0.008,2.000
33732,-0.073,0.048,-0.006,0.007,0.006,0.007,-0.061,0.042,0.006,0.008,2.000
33744,-0.012,0.048,0.006,0.007,-0.001,0.007,0.019,0.042,-0.003,0.008,2.000
33756,0.017,0.048,0.002,0.007,0.015,0.007,-0.055,0.042,-0.000,0.008,2.000
33768,-0.034,0.048,-0.006,0.007,0.004,0.007,0.074,0.042,-0.006,0.008,2.000
33780,-0.038,0.048,0.006,0.007,0.006,0.007,-0.068,0.042,-0.001,0.008,2.000
33792,-0.073,0.048,-0.003,0.007,0.015,0.007,-0.006,0.042,0.011,0.008,2.000
33804,0.051,0.049,0.016,0.008,0.002,0.007,-0.075,0.043,0.006,0.008,2.000
33816,0.079,0.049,0.001,0.007,-0.004,0.007,-0.045,0.043,0.014,0.008,2.000
33828,-0.167,0.049,0.008,0.007,0.013,0.008,0.044,0.043,-0.012,0.008,2.000
33840,0.033,0.048,-0.004,0.007,0.006,0.007,-0.074,0.042,-0.016,0.008,2.000
33852,0.032,0.049,0.006,0.008,0.010,0.008,0.015,0.043,-0.012,0.008,2.000
33864,-0.001,0.048,-0.004,0.007,0.002,0.007,-0.003,0.042,-0.002,0.008,2.000
33876,-0.096,0.047,0.010,0.007,0.009,0.007,0.019,0.041,-0.000,0.008,2.000
33888,0.026,0.049,-0.018,0.008,0.004,0.008,-0.053,0.043,-0.005,0.008,2.000
33900,0.061,0.049,0.005,0.007,-0.003,0.008,-0.091,0.042,-0.019,0.008,2.000
33912,0.060,0.049,0.002,0.007,-0.015,0.008,0.041,0.043,0.005,0.008,2.000
33924,0.095,0.048,-0.012,0.007,-0.002,0.007,-0.016,0.042,-0.009,0.008,2.000
33936,-0.012,0.049,0.004,0.008,-0.005,0.008,-0.074,0.043,-0.009,0.008,2.000
33948,-0.065,0.048,-0.019,0.007,0.011,0.007,-0.003,0.042,0.011,0.008,2.000
33960,0.008,0.047,-0.009,0.007,0.002,0.007,-0.048,0.041,-0.006,0.008,2.000
33972,0.012,0.049,0.011,0.007,-0.006,0.008,0.007,0.043,0.006,0.008,2.000
33984,0.087,0.048,0.004,0.007,-0.002,0.007,-0.011,0.042,0.012,0.008,2.000
33996,0.046,0.049,-0.000,0.007,-0.002,0.008,-0.004,0.043,0.014,0.008,2.000
34008,0.041,0.048,-0.000,0.007,0.005,0.007,-0.023,0.042,0.006,0.008,2.000
34020,0.053,0.049,0.002,0.008,-0.002,0.008,0.000,0.043,-0.007,0.008,2.000
34032,-0.094,0.048,0.006,0.007,0.001,0.007,0.012,0.042,0.005,0.008,2.000
34044,-0.111,0.047,-0.006,0.007,0.004,0.007,-0.015,0.041,0.006,0.008,2.000
34056,0.013,0.049,-0.013,0.008,0.007,0.007,-0.084,0.043,-0.022,0.008,2.000
34068,-0.005,0.049,-0.007,0.007,-0.007,0.007,-0.053,0.042,-0.007,0.008,2.000
34080,0.039,0.049,0.014,0.007,-0.006,0.008,-0.057,0.043,-0.003,0.008,2.000
34092,0.007,0.049,0.009,0.008,0.010,0.008,-0.093,0.043,0.011,0.008,2.000
34104,-0.078,0.049,0.000,0.008,-0.001,0.008,-0.095,0.043,-0.021,0.008,2.000
34116,0.352,0.050,0.051,0.008,0.382,0.012,0.087,0.043,0.020,0.008,0.000
34128,0.430,0.049,0.009,0.008,0.621,0.015,0.101,0.042,-0.003,0.008,0.000
34140,0.416,0.050,0.014,0.008,0.391,0.013,0.020,0.042,0.005,0.008,0.000
34152,0.335,0.050,0.021,0.008,0.327,0.012,0.131,0.043,-0.014,0.008,0.000
34164,0.271,0.048,0.017,0.007,0.306,0.012,0.075,0.041,0.005,0.008,0.000
34176,0.230,0.049,0.035,0.008,0.226,0.011,0.063,0.042,0.010,0.008,0.000
34188,0.320,0.048,0.014,0.007,0.201,0.011,0.044,0.041,0.017,0.008,0.000
34200,0.232,0.049,0.022,0.008,0.192,0.011,-0.039,0.043,0.018,0.009,0.000
34212,0.233,0.048,0.070,0.008,0.148,0.010,0.075,0.041,0.065,0.010,0.000
34224,0.075,0.049,0.042,0.008,0.067,0.010,0.018,0.043,0.045,0.011,0.000
34236,0.409,0.050,0.015,0.008,0.037,0.009,-0.113,0.043,-0.000,0.011,0.000
34248,0.079,0.049,-0.005,0.008,0.026,0.009,-0.047,0.042,-0.001,0.010,0.000
34260,0.085,0.049,0.032,0.008,0.045,0.009,0.020,0.043,-0.007,0.010,0.000
34272,0.079,0.047,0.011,0.007,0.076,0.009,0.014,0.041,0.018,0.010,0.000
34284,0.018,0.049,0.010,0.008,0.091,0.009,-0.088,0.043,-0.012,0.010,0.000
34296,0.160,0.048,0.025,0.007,0.154,0.010,-0.021,0.042,0.013,0.010,0.000
34308,0.241,0.049,0.018,0.008,0.158,0.010,0.049,0.043,0.019,0.010,0.000
34320,0.051,0.047,0.011,0.007,0.073,0.009,0.047,0.041,-0.009,0.009,0.000
34332,0.074,0.048,-0.003,0.007,0.062,0.009,0.036,0.042,-0.013,0.009,0.000
34344,0.144,0.047,-0.007,0.007,0.070,0.009,0.002,0.041,-0.003,0.009,0.000
34356,0.025,0.048,0.007,0.007,0.085,0.009,0.036,0.042,0.005,0.009,0.000
34368,0.059,0.047,0.003,0.007,0.067,0.009,0.005,0.041,-0.008,0.009,0.000
34380,0.125,0.048,0.003,0.007,0.076,0.009,0.066,0.042,-0.015,0.009,0.000
34392,0.239,0.046,0.003,0.007,0.065,0.009,-0.047,0.041,0.005,0.009,0.000
34404,0.085,0.047,0.007,0.007,0.112,0.009,0.023,0.042,-0.009,0.009,0.000
34416,0.143,0.046,0.002,0.007,0.069,0.008,0.025,0.041,-0.009,0.009,0.000
34428,0.170,0.047,0.009,0.007,0.054,0.009,-0.021,0.042,0.008,0.009,0.000
34440,0.244,0.046,0.015,0.007,0.047,0.008,-0.024,0.041,-0.001,0.009,0.000
34452,0.081,0.048,0.007,0.007,0.067,0.009,0.065,0.042,-0.010,0.009,0.000
34464,0.085,0.047,0.001,0.007,0.079,0.009,-0.022,0.041,0.008,0.009,0.000
34476,0.197,0.048,0.013,0.007,0.071,0.009,0.023,0.042,0.010,0.009,0.000
34488,0.154,0.046,-0.011,0.007,0.065,0.008,-0.025,0.041,-0.002,0.009,0.000
34500,0.107,0.049,-0.006,0.008,0.076,0.009,0.004,0.043,-0.005,0.009,0.000
34512,0.156,0.047,0.017,0.007,0.052,0.008,-0.054,0.041,0.012,0.009,0.000
34524,0.147,0.048,0.013,0.007,0.077,0.009,-0.036,0.042,0.012,0.009,0.000
34536,0.175,0.047,0.018,0.007,0.068,0.008,0.063,0.041,-0.001,0.009,0.000
34548,0.100,0.049,-0.000,0.007,0.050,0.009,0.011,0.043,-0.010,0.009,0.000
34560,0.149,0.047,0.007,0.007,0.080,0.008,-0.026,0.041,0.005,0.009,0.000
34572,0.157,0.049,0.009,0.007,0.054,0.009,-0.018,0.043,-0.016,0.009,0.000
34584,0.101,0.047,0.001,0.007,0.075,0.009,-0.052,0.041,0.007,0.008,0.000
34596,0.149,0.048,0.009,0.007,0.060,0.008,-0.007,0.042,0.008,0.009,0.000
34608,0.141,0.046,0.009,0.007,0.061,0.008,0.023,0.041,-0.002,0.008,0.000
34620,0.188,0.048,-0.009,0.007,0.056,0.009,0.002,0.042,-0.004,0.009,0.000
34632,0.124,0.046,-0.004,0.007,0.070,0.008,-0.038,0.040,0.006,0.008,0.000
34644,0.144,0.047,0.014,0.007,0.064,0.009,0.006,0.042,0.004,0.009,0.000
34656,0.135,0.048,-0.006,0.007,0.059,0.008,-0.030,0.042,0.009,0.009,0.000
34668,0.138,0.048,-0.013,0.007,0.076,0.008,-0.030,0.042,0.007,0.009,0.000
34680,0.127,0.048,0.002,0.007,0.088,0.009,-0.025,0.042,0.002,0.009,0.000
34692,0.226,0.046,0.007,0.007,0.061,0.008,-0.002,0.041,-0.005,0.008,0.000
34704,0.165,0.047,-0.004,0.007,0.083,0.009,-0.084,0.041,0.007,0.009,0.000
34716,0.166,0.047,0.003,0.007,0.068,0.009,-0.061,0.042,0.009,0.009,0.000
34728,0.152,0.047,0.002,0.007,0.067,0.009,0.026,0.042,0.005,0.009,0.000
34740,0.168,0.048,0.001,0.007,0.051,0.008,0.037,0.042,-0.009,0.009,0.000
34752,0.108,0.048,0.012,0.007,0.048,0.009,0.004,0.043,0.001,0.009,0.000
34764,0.068,0.047,0.003,0.007,0.058,0.008,0.078,0.041,0.001,0.009,0.000
34776,0.054,0.047,0.008,0.007,0.071,0.008,-0.000,0.042,0.011,0.009,0.000
34788,0.071,0.046,0.024,0.007,0.052,0.008,0.054,0.040,-0.002,0.008,0.000
34800,0.185,0.047,0.048,0.008,0.057,0.008,0.051,0.042,-0.005,0.008,0.000
34812,0.226,0.046,0.019,0.007,0.092,0.009,-0.022,0.040,0.015,0.008,0.000
34824,-0.023,0.046,0.005,0.007,0.092,0.008,0.001,0.041,-0.009,0.008,0.000
34836,0.172,0.047,0.001,0.007,0.054,0.009,-0.058,0.042,0.004,0.009,0.000
34848,0.142,0.047,0.010,0.007,0.086,0.008,0.091,0.042,-0.008,0.009,0.000
34860,0.117,0.047,0.009,0.007,0.082,0.009,0.024,0.042,0.013,0.008,0.000
34872,0.057,0.046,0.009,0.007,0.047,0.008,0.034,0.041,0.001,0.008,0.000
34884,0.096,0.047,0.019,0.007,0.068,0.009,-0.014,0.042,-0.007,0.008,0.000
34896,0.130,0.047,0.011,0.007,0.065,0.008,-0.068,0.041,0.012,0.008,0.000
34908,0.158,0.048,0.014,0.007,0.061,0.008,0.028,0.043,-0.007,0.009,0.000
34920,0.082,0.048,0.006,0.007,0.078,0.009,0.035,0.042,0.000,0.009,0.000
34932,0.072,0.048,0.001,0.007,0.070,0.009,-0.006,0.042,0.008,0.009,0.000
34944,0.145,0.048,-0.001,0.007,0.084,0.009,-0.031,0.042,-0.011,0.009,0.000
34956,0.165,0.048,0.003,0.007,0.060,0.009,0.038,0.042,-0.003,0.009,0.000
34968,0.082,0.046,0.000,0.007,0.078,0.008,0.004,0.041,-0.009,0.008,0.000
34980,0.073,0.048,0.020,0.007,0.083,0.009,0.011,0.042,-0.013,0.009,0.000
34992,0.190,0.046,0.006,0.007,0.138,0.009,-0.034,0.041,0.001,0.008,0.000
35004,0.073,0.048,0.006,0.007,0.168,0.010,0.116,0.042,-0.010,0.009,0.000
35016,0.092,0.046,0.004,0.007,0.105,0.009,0.012,0.041,0.003,0.008,0.000
35028,0.037,0.047,-0.004,0.007,0.166,0.010,0.003,0.041,0.001,0.009,0.000
35040,0.001,0.047,0.014,0.007,0.144,0.010,0.053,0.042,-0.000,0.009,0.000
35052,0.121,0.048,0.022,0.007,0.088,0.009,-0.065,0.042,-0.004,0.009,0.000
35064,0.042,0.046,0.009,0.007,0.049,0.008,-0.127,0.040,-0.000,0.008,0.000
35076,0.044,0.047,0.018,0.007,0.066,0.008,-0.008,0.041,0.016,0.008,0.000
35088,0.176,0.046,0.039,0.007,0.105,0.009,0.031,0.041,-0.003,0.008,0.000
35100,0.103,0.047,0.028,0.007,0.159,0.009,0.047,0.041,0.008,0.008,0.000
35112,0.190,0.046,0.046,0.007,0.197,0.010,0.023,0.040,-0.003,0.008,0.000
35124,0.146,0.047,0.024,0.007,0.142,0.010,-0.009,0.041,0.011,0.008,0.000
35136,0.109,0.046,0.018,0.007,0.152,0.009,0.020,0.041,-0.008,0.008,0.000
35148,0.133,0.047,0.010,0.007,0.179,0.010,0.035,0.042,0.006,0.008,0.000
35160,0.157,0.046,0.002,0.007,0.216,0.010,0.055,0.041,-0.011,0.008,0.000
35172,0.268,0.048,0.001,0.007,0.353,0.012,0.016,0.042,-0.008,0.009,0.000
35184,0.360,0.046,0.017,0.007,0.473,0.013,0.021,0.040,-0.003,0.008,0.000
35196,0.297,0.048,0.012,0.007,0.445,0.014,0.061,0.041,0.008,0.008,0.000
35208,0.359,0.047,0.018,0.007,0.460,0.013,0.091,0.041,0.004,0.008,0.000
35220,0.307,0.048,0.010,0.007,0.493,0.014,0.000,0.042,0.014,0.009,0.000
35232,0.414,0.047,0.026,0.007,0.509,0.014,0.024,0.041,0.016,0.008,0.000
35244,0.381,0.048,0.002,0.007,0.514,0.014,0.133,0.041,-0.006,0.008,0.000
35256,0.302,0.047,0.026,0.007,0.525,0.014,0.074,0.041,-0.001,0.008,0.000
35268,0.356,0.048,0.016,0.007,0.581,0.015,-0.014,0.042,0.016,0.009,0.000
35280,0.316,0.047,0.023,0.007,0.513,0.014,0.121,0.041,-0.001,0.008,0.000
35292,0.323,0.048,0.012,0.007,0.523,0.014,0.023,0.042,0.003,0.009,0.000
35304,0.321,0.047,0.016,0.007,0.534,0.014,0.142,0.041,-0.006,0.009,0.000
35316,0.364,0.048,0.021,0.007,0.474,0.014,0.074,0.042,0.002,0.009,0.000
35328,0.238,0.047,0.006,0.007,0.413,0.013,0.072,0.041,-0.002,0.009,0.000
35340,0.220,0.049,0.018,0.007,0.379,0.013,0.138,0.043,0.009,0.009,0.000
35352,0.305,0.047,0.015,0.007,0.408,0.013,0.075,0.041,-0.005,0.009,0.000
35364,0.353,0.048,0.009,0.007,0.376,0.013,0.082,0.042,0.016,0.009,0.000
35376,0.338,0.047,0.016,0.007,0.392,0.013,0.094,0.041,-0.002,0.009,0.000
35388,0.304,0.049,0.020,0.007,0.490,0.014,0.046,0.043,-0.007,0.009,0.000
35400,0.395,0.047,0.019,0.007,0.581,0.014,0.037,0.041,0.004,0.008,0.000
35412,0.286,0.048,0.017,0.007,0.515,0.014,0.103,0.042,-0.004,0.009,0.000
35424,0.277,0.047,0.009,0.007,0.638,0.015,0.096,0.041,0.004,0.008,0.000
35436,0.397,0.049,0.017,0.007,0.761,0.016,0.179,0.042,0.009,0.009,0.000
35448,0.393,0.047,0.018,0.007,0.780,0.016,0.165,0.041,0.002,0.009,0.000
35460,0.268,0.048,0.021,0.007,0.656,0.016,0.102,0.042,0.002,0.009,0.000
35472,0.239,0.047,0.023,0.007,0.781,0.016,0.128,0.041,0.007,0.008,0.000
35484,0.358,0.049,0.027,0.008,0.956,0.018,0.126,0.043,-0.001,0.009,0.000
35496,0.406,0.047,0.021,0.007,0.887,0.017,0.032,0.041,-0.000,0.008,0.000
35508,0.373,0.048,0.074,0.008,0.833,0.017,0.122,0.042,0.019,0.009,0.000
35520,0.287,0.047,0.026,0.007,0.691,0.016,0.103,0.041,-0.003,0.009,0.000
35532,0.352,0.048,0.028,0.007,0.762,0.017,0.115,0.042,0.008,0.009,0.000
35544,0.357,0.047,0.022,0.007,0.634,0.015,0.063,0.041,0.001,0.008,0.000
35556,0.251,0.049,0.004,0.007,0.556,0.015,0.108,0.043,0.003,0.009,0.000
35568,0.235,0.048,0.037,0.007,0.372,0.013,-0.039,0.041,0.002,0.009,0.000
35580,0.315,0.048,0.023,0.007,0.300,0.013,0.051,0.042,-0.003,0.009,0.000
35592,0.325,0.047,0.019,0.007,0.266,0.012,0.016,0.041,0.017,0.008,0.000
35604,0.301,0.049,0.017,0.007,0.290,0.012,0.067,0.043,-0.001,0.009,0.000
35616,1.017,0.048,0.048,0.008,0.309,0.012,-0.003,0.041,0.047,0.009,0.000
35628,0.290,0.048,0.012,0.007,0.297,0.012,0.046,0.042,-0.010,0.009,0.000
35640,0.390,0.047,0.007,0.007,0.280,0.012,0.083,0.041,0.007,0.009,0.000
35652,0.355,0.048,0.014,0.007,0.476,0.014,0.061,0.042,-0.013,0.009,0.000
35664,0.318,0.047,0.008,0.007,0.611,0.014,0.123,0.041,0.008,0.009,0.000
35676,0.409,0.049,0.025,0.007,0.723,0.016,0.069,0.042,0.003,0.009,0.000
35688,0.323,0.047,0.029,0.007,0.690,0.015,0.103,0.041,0.008,0.008,0.000
35700,0.268,0.049,0.019,0.007,0.683,0.016,0.075,0.042,0.001,0.009,0.000
35712,0.363,0.047,0.021,0.007,0.656,0.016,0.123,0.041,0.007,0.008,0.000
35724,0.283,0.050,0.019,0.007,0.590,0.015,0.106,0.043,-0.002,0.009,0.000
35736,0.369,0.048,0.018,0.007,0.546,0.014,0.134,0.041,-0.003,0.008,0.000
35748,0.329,0.049,0.020,0.007,0.630,0.016,0.010,0.042,0.005,0.008,0.000
35760,0.452,0.048,0.014,0.007,0.633,0.016,0.079,0.042,-0.009,0.009,0.000
35772,0.272,0.049,0.015,0.007,0.589,0.015,0.121,0.042,-0.007,0.009,0.000
35784,0.230,0.048,0.018,0.007,0.574,0.015,0.094,0.042,0.010,0.009,0.000
35796,0.359,0.047,0.026,0.007,0.639,0.015,-0.033,0.041,-0.011,0.008,0.000
35808,0.322,0.049,0.010,0.007,0.622,0.015,0.025,0.042,0.006,0.009,0.000
35820,0.306,0.047,0.022,0.007,0.539,0.015,0.041,0.041,-0.003,0.008,0.000
35832,0.396,0.049,0.025,0.007,0.590,0.015,0.064,0.043,0.003,0.009,0.000
35844,0.469,0.048,0.046,0.008,0.618,0.015,0.004,0.041,0.007,0.008,0.000
35856,0.331,0.049,0.035,0.007,0.598,0.016,0.052,0.043,0.007,0.009,0.000
35868,0.357,0.047,0.007,0.007,0.622,0.015,0.117,0.041,-0.006,0.008,0.000
35880,0.394,0.048,0.018,0.007,0.633,0.016,0.081,0.042,-0.012,0.009,0.000
35892,0.228,0.048,0.001,0.007,0.650,0.015,0.125,0.041,0.005,0.008,0.000
35904,0.358,0.049,0.028,0.007,0.626,0.015,0.035,0.042,0.003,0.009,0.000
